*** Generation 0 ***

--- Best Organism ---
Score: 11
Tile set maping:
(15, 1, 3, 2): b
(13, 10, 15, 1): w
(3, 3, 9, 10): b
(3, 10, 15, 13): w
(16, 9, 13, 10): b
(13, 18, 3, 9): w
(5, 10, 16, 1): w
-----------------------------
|   0  |  15  |   5  |  16  |
| 0  2 | 2  1 | 1 10 |10  9 |
|   0  |   3  |  16  |  13  |
-----------------------------
|   0  |   3  |  16  |  13  |
| 0 13 |13 10 |10  9 | 9 18 |
|   0  |  15  |  13  |   3  |
-----------------------------
|   0  |  15  |  13  |   3  |
| 0  2 | 2  1 | 1 10 |10  3 |
|   0  |   3  |  15  |   9  |
-----------------------------
|   0  |   3  |  15  |   9  |
| 0  0 | 0  0 | 0  0 | 0  0 |
|   0  |   0  |   0  |   0  |
-----------------------------

--- Population 001 ---
Score: 10
Tile set maping:
(1, 2, 3, 12): b
(18, 10, 12, 2): w
(11, 5, 5, 10): b
(12, 9, 1, 7): w
(13, 6, 18, 9): b
(18, 9, 11, 6): w
(18, 12, 12, 9): b
(4, 9, 13, 12): w
-----------------------------
|   0  |  18  |   4  |  13  |
| 0  9 | 9 12 |12  9 | 9  6 |
|   0  |  12  |  13  |  18  |
-----------------------------
|   0  |  12  |  13  |  18  |
| 0  7 | 7  9 | 9  6 | 6  9 |
|   0  |   1  |  18  |  11  |
-----------------------------
|   0  |   1  |  18  |  11  |
| 0 12 |12  2 | 2 10 |10  5 |
|   0  |   3  |  12  |   5  |
-----------------------------
|   0  |   3  |  12  |   5  |
| 0  0 | 0  0 | 0  0 | 0  0 |
|   0  |   0  |   0  |   0  |
-----------------------------


--- Population 002 ---
Score: 10
Tile set maping:
(13, 16, 14, 13): b
(1, 13, 8, 16): w
(6, 13, 11, 13): b
(14, 8, 13, 1): w
(13, 14, 1, 8): b
(3, 2, 6, 14): w
(4, 1, 14, 2): b
(10, 9, 3, 8): b
-----------------------------
|   0  |   4  |  14  |  10  |
| 0  2 | 2  1 | 1  8 | 8  9 |
|   0  |  14  |  13  |   3  |
-----------------------------
|   0  |  14  |  13  |   3  |
| 0  1 | 1  8 | 8 14 |14  2 |
|   0  |  13  |   1  |   6  |
-----------------------------
|   0  |  13  |   1  |   6  |
| 0 13 |13 16 |16 13 |13 13 |
|   0  |  14  |   8  |  11  |
-----------------------------
|   0  |  14  |   8  |  11  |
| 0  0 | 0  0 | 0  0 | 0  0 |
|   0  |   0  |   0  |   0  |
-----------------------------


--- Population 003 ---
Score: 10
Tile set maping:
(3, 15, 7, 15): b
(10, 9, 1, 15): w
(3, 2, 3, 9): b
(3, 3, 3, 11): w
(17, 11, 10, 3): b
(1, 2, 3, 15): b
(7, 11, 17, 2): w
-----------------------------
|   0  |   1  |   7  |   3  |
| 0 15 |15  2 | 2 11 |11  3 |
|   0  |   3  |  17  |   3  |
-----------------------------
|   0  |   3  |  17  |   3  |
| 0 11 |11  3 | 3 11 |11  3 |
|   0  |   3  |  10  |   3  |
-----------------------------
|   0  |   3  |  10  |   3  |
| 0 15 |15 15 |15  9 | 9  2 |
|   0  |   7  |   1  |   3  |
-----------------------------
|   0  |   7  |   1  |   3  |
| 0  0 | 0  0 | 0  0 | 0  0 |
|   0  |   0  |   0  |   0  |
-----------------------------


--- Population 004 ---
Score: 10
Tile set maping:
(16, 14, 2, 18): b
(2, 18, 2, 14): w
(6, 8, 10, 18): b
(9, 13, 16, 8): w
(5, 17, 2, 13): b
(10, 15, 6, 17): w
(11, 10, 9, 4): b
(11, 18, 5, 10): w
-----------------------------
|   0  |  11  |  11  |   6  |
| 0  4 | 4 10 |10 18 |18  8 |
|   0  |   9  |   5  |  10  |
-----------------------------
|   0  |   9  |   5  |  10  |
| 0  8 | 8 13 |13 17 |17 15 |
|   0  |  16  |   2  |   6  |
-----------------------------
|   0  |  16  |   2  |   6  |
| 0 18 |18 14 |14 18 |18  8 |
|   0  |   2  |   2  |  10  |
-----------------------------
|   0  |   2  |   2  |  10  |
| 0  0 | 0  0 | 0  0 | 0  0 |
|   0  |   0  |   0  |   0  |
-----------------------------


--- Population 005 ---
Score: 9
Tile set maping:
(17, 9, 13, 18): b
(15, 14, 10, 9): w
(4, 9, 8, 14): b
(5, 3, 17, 10): w
(5, 18, 15, 3): b
(18, 1, 4, 18): w
(17, 3, 5, 13): b
(6, 17, 5, 3): w
(17, 18, 18, 17): b
-----------------------------
|   0  |  17  |   6  |  17  |
| 0 13 |13  3 | 3 17 |17 18 |
|   0  |   5  |   5  |  18  |
-----------------------------
|   0  |   5  |   5  |  18  |
| 0 10 |10  3 | 3 18 |18  1 |
|   0  |  17  |  15  |   4  |
-----------------------------
|   0  |  17  |  15  |   4  |
| 0 18 |18  9 | 9 14 |14  9 |
|   0  |  13  |  10  |   8  |
-----------------------------
|   0  |  13  |  10  |   8  |
| 0  0 | 0  0 | 0  0 | 0  0 |
|   0  |   0  |   0  |   0  |
-----------------------------


--- Population 006 ---
Score: 9
Tile set maping:
(1, 15, 13, 11): b
(8, 9, 12, 15): w
(18, 3, 18, 9): b
(12, 2, 1, 11): w
(10, 14, 8, 2): b
(8, 12, 18, 14): w
(5, 4, 12, 2): b
(18, 1, 10, 4): w
(11, 5, 8, 1): b
-----------------------------
|   0  |   5  |  18  |  11  |
| 0  2 | 2  4 | 4  1 | 1  5 |
|   0  |  12  |  10  |   8  |
-----------------------------
|   0  |  12  |  10  |   8  |
| 0 11 |11  2 | 2 14 |14 12 |
|   0  |   1  |   8  |  18  |
-----------------------------
|   0  |   1  |   8  |  18  |
| 0 11 |11 15 |15  9 | 9  3 |
|   0  |  13  |  12  |  18  |
-----------------------------
|   0  |  13  |  12  |  18  |
| 0  0 | 0  0 | 0  0 | 0  0 |
|   0  |   0  |   0  |   0  |
-----------------------------


--- Population 007 ---
Score: 9
Tile set maping:
(8, 5, 4, 4): b
(3, 9, 18, 5): w
(11, 6, 11, 9): b
(12, 12, 8, 7): w
(5, 18, 3, 12): b
(15, 13, 11, 18): w
(9, 2, 12, 5): b
(8, 8, 5, 2): w
(4, 3, 15, 8): b
-----------------------------
|   0  |   9  |   8  |   4  |
| 0  5 | 5  2 | 2  8 | 8  3 |
|   0  |  12  |   5  |  15  |
-----------------------------
|   0  |  12  |   5  |  15  |
| 0  7 | 7 12 |12 18 |18 13 |
|   0  |   8  |   3  |  11  |
-----------------------------
|   0  |   8  |   3  |  11  |
| 0  4 | 4  5 | 5  9 | 9  6 |
|   0  |   4  |  18  |  11  |
-----------------------------
|   0  |   4  |  18  |  11  |
| 0  0 | 0  0 | 0  0 | 0  0 |
|   0  |   0  |   0  |   0  |
-----------------------------


--- Population 008 ---
Score: 9
Tile set maping:
(6, 10, 7, 17): b
(15, 16, 16, 10): w
(18, 18, 5, 16): b
(15, 16, 6, 2): w
(7, 18, 15, 16): b
(7, 15, 18, 18): w
(6, 17, 15, 11): b
(16, 16, 7, 10): b
-----------------------------
|   0  |   6  |   6  |  16  |
| 0 11 |11 17 |17 10 |10 16 |
|   0  |  15  |   7  |   7  |
-----------------------------
|   0  |  15  |   7  |   7  |
| 0  2 | 2 16 |16 18 |18 15 |
|   0  |   6  |  15  |  18  |
-----------------------------
|   0  |   6  |  15  |  18  |
| 0 17 |17 10 |10 16 |16 18 |
|   0  |   7  |  16  |   5  |
-----------------------------
|   0  |   7  |  16  |   5  |
| 0  0 | 0  0 | 0  0 | 0  0 |
|   0  |   0  |   0  |   0  |
-----------------------------


--- Population 009 ---
Score: 9
Tile set maping:
(14, 11, 18, 11): b
(8, 8, 4, 11): w
(7, 18, 6, 8): b
(1, 16, 14, 18): w
(4, 15, 8, 16): b
(15, 5, 7, 15): w
(14, 13, 1, 17): b
(9, 13, 4, 13): w
(9, 2, 15, 13): b
-----------------------------
|   0  |  14  |   9  |   9  |
| 0 17 |17 13 |13 13 |13  2 |
|   0  |   1  |   4  |  15  |
-----------------------------
|   0  |   1  |   4  |  15  |
| 0 18 |18 16 |16 15 |15  5 |
|   0  |  14  |   8  |   7  |
-----------------------------
|   0  |  14  |   8  |   7  |
| 0 11 |11 11 |11  8 | 8 18 |
|   0  |  18  |   4  |   6  |
-----------------------------
|   0  |  18  |   4  |   6  |
| 0  0 | 0  0 | 0  0 | 0  0 |
|   0  |   0  |   0  |   0  |
-----------------------------


--- Population 010 ---
Score: 9
Tile set maping:
(6, 14, 14, 6): b
(10, 18, 6, 14): w
(12, 6, 1, 18): b
(2, 3, 6, 8): w
(13, 13, 10, 3): b
(2, 12, 12, 13): w
(10, 8, 2, 9): b
(8, 13, 13, 8): w
(12, 13, 2, 13): b
-----------------------------
|   0  |  10  |   8  |  12  |
| 0  9 | 9  8 | 8 13 |13 13 |
|   0  |   2  |  13  |   2  |
-----------------------------
|   0  |   2  |  13  |   2  |
| 0  8 | 8  3 | 3 13 |13 12 |
|   0  |   6  |  10  |  12  |
-----------------------------
|   0  |   6  |  10  |  12  |
| 0  6 | 6 14 |14 18 |18  6 |
|   0  |  14  |   6  |   1  |
-----------------------------
|   0  |  14  |   6  |   1  |
| 0  0 | 0  0 | 0  0 | 0  0 |
|   0  |   0  |   0  |   0  |
-----------------------------


--- Population 011 ---
Score: 9
Tile set maping:
(7, 8, 4, 8): b
(17, 5, 2, 8): b
(18, 1, 7, 9): w
(14, 7, 7, 1): b
(1, 10, 17, 7): w
(8, 1, 18, 13): b
(1, 13, 14, 1): w
(3, 17, 1, 13): b
-----------------------------
|   0  |   8  |   1  |   3  |
| 0 13 |13  1 | 1 13 |13 17 |
|   0  |  18  |  14  |   1  |
-----------------------------
|   0  |  18  |  14  |   1  |
| 0  9 | 9  1 | 1  7 | 7 10 |
|   0  |   7  |   7  |  17  |
-----------------------------
|   0  |   7  |   7  |  17  |
| 0  8 | 8  8 | 8  8 | 8  5 |
|   0  |   4  |   4  |   2  |
-----------------------------
|   0  |   4  |   4  |   2  |
| 0  0 | 0  0 | 0  0 | 0  0 |
|   0  |   0  |   0  |   0  |
-----------------------------


--- Population 012 ---
Score: 9
Tile set maping:
(18, 3, 16, 9): b
(15, 7, 15, 3): w
(11, 2, 8, 7): b
(12, 4, 18, 16): w
(4, 17, 15, 4): b
(11, 3, 11, 17): w
(3, 18, 12, 10): b
(2, 7, 4, 18): w
(7, 1, 11, 7): b
-----------------------------
|   0  |   3  |   2  |   7  |
| 0 10 |10 18 |18  7 | 7  1 |
|   0  |  12  |   4  |  11  |
-----------------------------
|   0  |  12  |   4  |  11  |
| 0 16 |16  4 | 4 17 |17  3 |
|   0  |  18  |  15  |  11  |
-----------------------------
|   0  |  18  |  15  |  11  |
| 0  9 | 9  3 | 3  7 | 7  2 |
|   0  |  16  |  15  |   8  |
-----------------------------
|   0  |  16  |  15  |   8  |
| 0  0 | 0  0 | 0  0 | 0  0 |
|   0  |   0  |   0  |   0  |
-----------------------------


--- Population 013 ---
Score: 9
Tile set maping:
(14, 15, 7, 5): b
(17, 18, 7, 15): w
(12, 15, 9, 18): b
(3, 6, 14, 18): w
(8, 7, 17, 6): b
(11, 10, 12, 7): w
(10, 1, 3, 6): b
(4, 5, 8, 1): w
(17, 1, 11, 5): b
-----------------------------
|   0  |  10  |   4  |  17  |
| 0  6 | 6  1 | 1  5 | 5  1 |
|   0  |   3  |   8  |  11  |
-----------------------------
|   0  |   3  |   8  |  11  |
| 0 18 |18  6 | 6  7 | 7 10 |
|   0  |  14  |  17  |  12  |
-----------------------------
|   0  |  14  |  17  |  12  |
| 0  5 | 5 15 |15 18 |18 15 |
|   0  |   7  |   7  |   9  |
-----------------------------
|   0  |   7  |   7  |   9  |
| 0  0 | 0  0 | 0  0 | 0  0 |
|   0  |   0  |   0  |   0  |
-----------------------------


--- Population 014 ---
Score: 9
Tile set maping:
(13, 9, 15, 1): b
(1, 2, 14, 9): w
(11, 2, 10, 2): b
(10, 9, 13, 5): w
(3, 6, 1, 9): b
(10, 1, 11, 6): w
(12, 5, 10, 11): b
(3, 6, 3, 5): w
(9, 9, 10, 6): b
-----------------------------
|   0  |  12  |   3  |   9  |
| 0 11 |11  5 | 5  6 | 6  9 |
|   0  |  10  |   3  |  10  |
-----------------------------
|   0  |  10  |   3  |  10  |
| 0  5 | 5  9 | 9  6 | 6  1 |
|   0  |  13  |   1  |  11  |
-----------------------------
|   0  |  13  |   1  |  11  |
| 0  1 | 1  9 | 9  2 | 2  2 |
|   0  |  15  |  14  |  10  |
-----------------------------
|   0  |  15  |  14  |  10  |
| 0  0 | 0  0 | 0  0 | 0  0 |
|   0  |   0  |   0  |   0  |
-----------------------------


--- Population 015 ---
Score: 9
Tile set maping:
(7, 12, 2, 3): b
(3, 1, 4, 12): w
(12, 2, 8, 1): b
(7, 1, 7, 4): w
(16, 16, 3, 1): b
(7, 8, 12, 16): w
(16, 5, 7, 11): b
(14, 15, 16, 5): w
(15, 2, 7, 15): b
-----------------------------
|   0  |  16  |  14  |  15  |
| 0 11 |11  5 | 5 15 |15  2 |
|   0  |   7  |  16  |   7  |
-----------------------------
|   0  |   7  |  16  |   7  |
| 0  4 | 4  1 | 1 16 |16  8 |
|   0  |   7  |   3  |  12  |
-----------------------------
|   0  |   7  |   3  |  12  |
| 0  3 | 3 12 |12  1 | 1  2 |
|   0  |   2  |   4  |   8  |
-----------------------------
|   0  |   2  |   4  |   8  |
| 0  0 | 0  0 | 0  0 | 0  0 |
|   0  |   0  |   0  |   0  |
-----------------------------


--- Population 016 ---
Score: 9
Tile set maping:
(8, 5, 2, 14): b
(5, 3, 9, 5): w
(5, 8, 17, 3): b
(14, 5, 8, 6): w
(13, 16, 5, 5): b
(16, 10, 5, 16): w
(5, 7, 14, 5): b
(4, 16, 13, 7): w
(6, 13, 16, 16): b
-----------------------------
|   0  |   5  |   4  |   6  |
| 0  5 | 5  7 | 7 16 |16 13 |
|   0  |  14  |  13  |  16  |
-----------------------------
|   0  |  14  |  13  |  16  |
| 0  6 | 6  5 | 5 16 |16 10 |
|   0  |   8  |   5  |   5  |
-----------------------------
|   0  |   8  |   5  |   5  |
| 0 14 |14  5 | 5  3 | 3  8 |
|   0  |   2  |   9  |  17  |
-----------------------------
|   0  |   2  |   9  |  17  |
| 0  0 | 0  0 | 0  0 | 0  0 |
|   0  |   0  |   0  |   0  |
-----------------------------


--- Population 017 ---
Score: 9
Tile set maping:
(11, 10, 5, 7): b
(4, 3, 12, 10): w
(1, 7, 16, 3): b
(2, 11, 11, 16): w
(3, 3, 4, 11): b
(13, 7, 1, 3): w
(14, 18, 2, 6): b
(3, 11, 3, 18): w
(12, 7, 13, 11): b
-----------------------------
|   0  |  14  |   3  |  12  |
| 0  6 | 6 18 |18 11 |11  7 |
|   0  |   2  |   3  |  13  |
-----------------------------
|   0  |   2  |   3  |  13  |
| 0 16 |16 11 |11  3 | 3  7 |
|   0  |  11  |   4  |   1  |
-----------------------------
|   0  |  11  |   4  |   1  |
| 0  7 | 7 10 |10  3 | 3  7 |
|   0  |   5  |  12  |  16  |
-----------------------------
|   0  |   5  |  12  |  16  |
| 0  0 | 0  0 | 0  0 | 0  0 |
|   0  |   0  |   0  |   0  |
-----------------------------


--- Population 018 ---
Score: 9
Tile set maping:
(10, 13, 3, 6): b
(6, 5, 8, 13): w
(9, 2, 2, 5): b
(11, 13, 10, 11): w
(18, 5, 6, 13): b
(13, 11, 9, 5): w
(10, 11, 11, 8): b
(12, 8, 18, 11): w
(16, 8, 13, 8): b
-----------------------------
|   0  |  10  |  12  |  16  |
| 0  8 | 8 11 |11  8 | 8  8 |
|   0  |  11  |  18  |  13  |
-----------------------------
|   0  |  11  |  18  |  13  |
| 0 11 |11 13 |13  5 | 5 11 |
|   0  |  10  |   6  |   9  |
-----------------------------
|   0  |  10  |   6  |   9  |
| 0  6 | 6 13 |13  5 | 5  2 |
|   0  |   3  |   8  |   2  |
-----------------------------
|   0  |   3  |   8  |   2  |
| 0  0 | 0  0 | 0  0 | 0  0 |
|   0  |   0  |   0  |   0  |
-----------------------------


--- Population 019 ---
Score: 9
Tile set maping:
(6, 18, 11, 4): b
(9, 2, 12, 18): w
(7, 13, 2, 2): b
(9, 11, 6, 11): w
(18, 9, 9, 11): b
(3, 1, 7, 9): w
(12, 7, 9, 16): b
(7, 5, 18, 7): w
(10, 18, 3, 5): b
-----------------------------
|   0  |  12  |   7  |  10  |
| 0 16 |16  7 | 7  5 | 5 18 |
|   0  |   9  |  18  |   3  |
-----------------------------
|   0  |   9  |  18  |   3  |
| 0 11 |11 11 |11  9 | 9  1 |
|   0  |   6  |   9  |   7  |
-----------------------------
|   0  |   6  |   9  |   7  |
| 0  4 | 4 18 |18  2 | 2 13 |
|   0  |  11  |  12  |   2  |
-----------------------------
|   0  |  11  |  12  |   2  |
| 0  0 | 0  0 | 0  0 | 0  0 |
|   0  |   0  |   0  |   0  |
-----------------------------


--- Population 020 ---
Score: 9
Tile set maping:
(14, 9, 6, 8): b
(18, 11, 15, 9): w
(9, 5, 6, 11): b
(7, 1, 14, 9): w
(14, 14, 18, 1): b
(3, 16, 9, 14): w
(5, 1, 7, 13): b
(13, 2, 14, 1): w
(17, 12, 3, 2): b
-----------------------------
|   0  |   5  |  13  |  17  |
| 0 13 |13  1 | 1  2 | 2 12 |
|   0  |   7  |  14  |   3  |
-----------------------------
|   0  |   7  |  14  |   3  |
| 0  9 | 9  1 | 1 14 |14 16 |
|   0  |  14  |  18  |   9  |
-----------------------------
|   0  |  14  |  18  |   9  |
| 0  8 | 8  9 | 9 11 |11  5 |
|   0  |   6  |  15  |   6  |
-----------------------------
|   0  |   6  |  15  |   6  |
| 0  0 | 0  0 | 0  0 | 0  0 |
|   0  |   0  |   0  |   0  |
-----------------------------


--- Population 021 ---
Score: 9
Tile set maping:
(8, 5, 15, 7): b
(2, 15, 18, 5): w
(7, 9, 5, 15): b
(15, 5, 8, 7): w
(10, 13, 2, 5): b
(12, 14, 7, 13): w
(5, 15, 15, 6): b
(13, 18, 10, 15): w
(16, 6, 12, 18): b
-----------------------------
|   0  |   5  |  13  |  16  |
| 0  6 | 6 15 |15 18 |18  6 |
|   0  |  15  |  10  |  12  |
-----------------------------
|   0  |  15  |  10  |  12  |
| 0  7 | 7  5 | 5 13 |13 14 |
|   0  |   8  |   2  |   7  |
-----------------------------
|   0  |   8  |   2  |   7  |
| 0  7 | 7  5 | 5 15 |15  9 |
|   0  |  15  |  18  |   5  |
-----------------------------
|   0  |  15  |  18  |   5  |
| 0  0 | 0  0 | 0  0 | 0  0 |
|   0  |   0  |   0  |   0  |
-----------------------------


--- Population 022 ---
Score: 9
Tile set maping:
(6, 1, 5, 13): b
(1, 11, 5, 1): w
(16, 13, 7, 11): b
(15, 15, 6, 18): w
(5, 13, 1, 15): b
(9, 8, 16, 13): w
(11, 8, 15, 4): b
(13, 18, 5, 8): w
(10, 13, 9, 18): b
-----------------------------
|   0  |  11  |  13  |  10  |
| 0  4 | 4  8 | 8 18 |18 13 |
|   0  |  15  |   5  |   9  |
-----------------------------
|   0  |  15  |   5  |   9  |
| 0 18 |18 15 |15 13 |13  8 |
|   0  |   6  |   1  |  16  |
-----------------------------
|   0  |   6  |   1  |  16  |
| 0 13 |13  1 | 1 11 |11 13 |
|   0  |   5  |   5  |   7  |
-----------------------------
|   0  |   5  |   5  |   7  |
| 0  0 | 0  0 | 0  0 | 0  0 |
|   0  |   0  |   0  |   0  |
-----------------------------


--- Population 023 ---
Score: 9
Tile set maping:
(9, 7, 2, 17): b
(18, 14, 9, 7): w
(2, 3, 17, 14): b
(9, 5, 9, 4): w
(16, 2, 18, 5): b
(13, 15, 2, 2): w
(18, 17, 9, 2): b
(18, 13, 16, 17): w
(17, 3, 13, 13): b
-----------------------------
|   0  |  18  |  18  |  17  |
| 0  2 | 2 17 |17 13 |13  3 |
|   0  |   9  |  16  |  13  |
-----------------------------
|   0  |   9  |  16  |  13  |
| 0  4 | 4  5 | 5  2 | 2 15 |
|   0  |   9  |  18  |   2  |
-----------------------------
|   0  |   9  |  18  |   2  |
| 0 17 |17  7 | 7 14 |14  3 |
|   0  |   2  |   9  |  17  |
-----------------------------
|   0  |   2  |   9  |  17  |
| 0  0 | 0  0 | 0  0 | 0  0 |
|   0  |   0  |   0  |   0  |
-----------------------------


--- Population 024 ---
Score: 9
Tile set maping:
(2, 4, 7, 2): b
(6, 3, 17, 4): w
(10, 12, 11, 3): b
(12, 3, 2, 5): w
(15, 9, 6, 3): b
(7, 13, 10, 9): w
(18, 6, 12, 11): b
(16, 10, 15, 6): w
(14, 13, 7, 10): b
-----------------------------
|   0  |  18  |  16  |  14  |
| 0 11 |11  6 | 6 10 |10 13 |
|   0  |  12  |  15  |   7  |
-----------------------------
|   0  |  12  |  15  |   7  |
| 0  5 | 5  3 | 3  9 | 9 13 |
|   0  |   2  |   6  |  10  |
-----------------------------
|   0  |   2  |   6  |  10  |
| 0  2 | 2  4 | 4  3 | 3 12 |
|   0  |   7  |  17  |  11  |
-----------------------------
|   0  |   7  |  17  |  11  |
| 0  0 | 0  0 | 0  0 | 0  0 |
|   0  |   0  |   0  |   0  |
-----------------------------


--- Population 025 ---
Score: 9
Tile set maping:
(8, 1, 15, 7): b
(9, 17, 13, 1): w
(12, 8, 16, 17): b
(7, 10, 8, 6): w
(4, 1, 9, 10): b
(13, 17, 12, 1): w
(6, 2, 7, 9): b
(13, 5, 4, 2): w
(13, 16, 13, 5): b
-----------------------------
|   0  |   6  |  13  |  13  |
| 0  9 | 9  2 | 2  5 | 5 16 |
|   0  |   7  |   4  |  13  |
-----------------------------
|   0  |   7  |   4  |  13  |
| 0  6 | 6 10 |10  1 | 1 17 |
|   0  |   8  |   9  |  12  |
-----------------------------
|   0  |   8  |   9  |  12  |
| 0  7 | 7  1 | 1 17 |17  8 |
|   0  |  15  |  13  |  16  |
-----------------------------
|   0  |  15  |  13  |  16  |
| 0  0 | 0  0 | 0  0 | 0  0 |
|   0  |   0  |   0  |   0  |
-----------------------------


--- Population 026 ---
Score: 9
Tile set maping:
(8, 12, 9, 16): b
(16, 5, 3, 12): w
(6, 16, 18, 5): b
(18, 18, 8, 5): w
(1, 18, 16, 18): b
(8, 2, 6, 18): w
(2, 12, 18, 10): b
(6, 12, 1, 12): w
(17, 14, 8, 12): b
-----------------------------
|   0  |   2  |   6  |  17  |
| 0 10 |10 12 |12 12 |12 14 |
|   0  |  18  |   1  |   8  |
-----------------------------
|   0  |  18  |   1  |   8  |
| 0  5 | 5 18 |18 18 |18  2 |
|   0  |   8  |  16  |   6  |
-----------------------------
|   0  |   8  |  16  |   6  |
| 0 16 |16 12 |12  5 | 5 16 |
|   0  |   9  |   3  |  18  |
-----------------------------
|   0  |   9  |   3  |  18  |
| 0  0 | 0  0 | 0  0 | 0  0 |
|   0  |   0  |   0  |   0  |
-----------------------------


--- Population 027 ---
Score: 9
Tile set maping:
(6, 3, 8, 10): b
(12, 14, 3, 3): w
(5, 16, 6, 14): b
(7, 6, 6, 9): w
(13, 17, 12, 6): b
(11, 4, 5, 17): w
(15, 13, 7, 9): b
(4, 13, 13, 13): w
(14, 5, 11, 13): b
-----------------------------
|   0  |  15  |   4  |  14  |
| 0  9 | 9 13 |13 13 |13  5 |
|   0  |   7  |  13  |  11  |
-----------------------------
|   0  |   7  |  13  |  11  |
| 0  9 | 9  6 | 6 17 |17  4 |
|   0  |   6  |  12  |   5  |
-----------------------------
|   0  |   6  |  12  |   5  |
| 0 10 |10  3 | 3 14 |14 16 |
|   0  |   8  |   3  |   6  |
-----------------------------
|   0  |   8  |   3  |   6  |
| 0  0 | 0  0 | 0  0 | 0  0 |
|   0  |   0  |   0  |   0  |
-----------------------------


--- Population 028 ---
Score: 9
Tile set maping:
(15, 6, 13, 12): b
(9, 7, 10, 6): w
(18, 6, 7, 7): b
(12, 2, 15, 18): w
(4, 17, 9, 2): b
(11, 5, 18, 17): w
(10, 1, 12, 14): b
(3, 13, 4, 1): w
(4, 10, 11, 13): b
-----------------------------
|   0  |  10  |   3  |   4  |
| 0 14 |14  1 | 1 13 |13 10 |
|   0  |  12  |   4  |  11  |
-----------------------------
|   0  |  12  |   4  |  11  |
| 0 18 |18  2 | 2 17 |17  5 |
|   0  |  15  |   9  |  18  |
-----------------------------
|   0  |  15  |   9  |  18  |
| 0 12 |12  6 | 6  7 | 7  6 |
|   0  |  13  |  10  |   7  |
-----------------------------
|   0  |  13  |  10  |   7  |
| 0  0 | 0  0 | 0  0 | 0  0 |
|   0  |   0  |   0  |   0  |
-----------------------------


--- Population 029 ---
Score: 9
Tile set maping:
(3, 6, 8, 15): b
(18, 5, 11, 6): w
(13, 15, 7, 5): b
(17, 9, 3, 16): w
(4, 13, 18, 9): b
(15, 14, 13, 13): w
(11, 12, 17, 17): b
(16, 15, 4, 12): w
(2, 6, 15, 15): b
-----------------------------
|   0  |  11  |  16  |   2  |
| 0 17 |17 12 |12 15 |15  6 |
|   0  |  17  |   4  |  15  |
-----------------------------
|   0  |  17  |   4  |  15  |
| 0 16 |16  9 | 9 13 |13 14 |
|   0  |   3  |  18  |  13  |
-----------------------------
|   0  |   3  |  18  |  13  |
| 0 15 |15  6 | 6  5 | 5 15 |
|   0  |   8  |  11  |   7  |
-----------------------------
|   0  |   8  |  11  |   7  |
| 0  0 | 0  0 | 0  0 | 0  0 |
|   0  |   0  |   0  |   0  |
-----------------------------


--- Population 030 ---
Score: 9
Tile set maping:
(7, 10, 7, 3): b
(14, 2, 13, 10): w
(7, 11, 2, 2): b
(1, 2, 7, 16): w
(10, 18, 14, 2): b
(12, 6, 7, 18): w
(2, 2, 1, 7): b
(8, 10, 10, 2): w
(15, 13, 12, 10): b
-----------------------------
|   0  |   2  |   8  |  15  |
| 0  7 | 7  2 | 2 10 |10 13 |
|   0  |   1  |  10  |  12  |
-----------------------------
|   0  |   1  |  10  |  12  |
| 0 16 |16  2 | 2 18 |18  6 |
|   0  |   7  |  14  |   7  |
-----------------------------
|   0  |   7  |  14  |   7  |
| 0  3 | 3 10 |10  2 | 2 11 |
|   0  |   7  |  13  |   2  |
-----------------------------
|   0  |   7  |  13  |   2  |
| 0  0 | 0  0 | 0  0 | 0  0 |
|   0  |   0  |   0  |   0  |
-----------------------------


--- Population 031 ---
Score: 9
Tile set maping:
(13, 4, 16, 7): b
(9, 14, 5, 4): w
(7, 14, 14, 14): b
(9, 9, 13, 18): w
(13, 17, 9, 9): b
(2, 9, 7, 17): w
(18, 12, 9, 18): b
(2, 18, 13, 12): w
(5, 18, 2, 18): b
-----------------------------
|   0  |  18  |   2  |   5  |
| 0 18 |18 12 |12 18 |18 18 |
|   0  |   9  |  13  |   2  |
-----------------------------
|   0  |   9  |  13  |   2  |
| 0 18 |18  9 | 9 17 |17  9 |
|   0  |  13  |   9  |   7  |
-----------------------------
|   0  |  13  |   9  |   7  |
| 0  7 | 7  4 | 4 14 |14 14 |
|   0  |  16  |   5  |  14  |
-----------------------------
|   0  |  16  |   5  |  14  |
| 0  0 | 0  0 | 0  0 | 0  0 |
|   0  |   0  |   0  |   0  |
-----------------------------


--- Population 032 ---
Score: 9
Tile set maping:
(16, 12, 3, 9): b
(15, 1, 7, 12): w
(7, 10, 9, 1): b
(9, 6, 16, 17): w
(18, 15, 15, 6): b
(4, 9, 7, 15): w
(16, 15, 9, 11): b
(4, 10, 18, 15): w
(4, 4, 4, 10): b
-----------------------------
|   0  |  16  |   4  |   4  |
| 0 11 |11 15 |15 10 |10  4 |
|   0  |   9  |  18  |   4  |
-----------------------------
|   0  |   9  |  18  |   4  |
| 0 17 |17  6 | 6 15 |15  9 |
|   0  |  16  |  15  |   7  |
-----------------------------
|   0  |  16  |  15  |   7  |
| 0  9 | 9 12 |12  1 | 1 10 |
|   0  |   3  |   7  |   9  |
-----------------------------
|   0  |   3  |   7  |   9  |
| 0  0 | 0  0 | 0  0 | 0  0 |
|   0  |   0  |   0  |   0  |
-----------------------------


--- Population 033 ---
Score: 9
Tile set maping:
(14, 15, 16, 8): b
(7, 2, 18, 15): w
(17, 1, 6, 2): b
(7, 15, 14, 3): w
(15, 13, 7, 15): b
(8, 17, 17, 13): w
(4, 9, 7, 13): b
(1, 8, 15, 9): w
(5, 5, 8, 8): b
-----------------------------
|   0  |   4  |   1  |   5  |
| 0 13 |13  9 | 9  8 | 8  5 |
|   0  |   7  |  15  |   8  |
-----------------------------
|   0  |   7  |  15  |   8  |
| 0  3 | 3 15 |15 13 |13 17 |
|   0  |  14  |   7  |  17  |
-----------------------------
|   0  |  14  |   7  |  17  |
| 0  8 | 8 15 |15  2 | 2  1 |
|   0  |  16  |  18  |   6  |
-----------------------------
|   0  |  16  |  18  |   6  |
| 0  0 | 0  0 | 0  0 | 0  0 |
|   0  |   0  |   0  |   0  |
-----------------------------


--- Population 034 ---
Score: 9
Tile set maping:
(1, 9, 12, 2): b
(7, 5, 4, 9): w
(6, 12, 12, 5): b
(5, 5, 1, 8): w
(7, 6, 7, 5): b
(11, 3, 6, 6): w
(4, 17, 5, 9): b
(10, 4, 7, 17): w
(16, 13, 11, 4): b
-----------------------------
|   0  |   4  |  10  |  16  |
| 0  9 | 9 17 |17  4 | 4 13 |
|   0  |   5  |   7  |  11  |
-----------------------------
|   0  |   5  |   7  |  11  |
| 0  8 | 8  5 | 5  6 | 6  3 |
|   0  |   1  |   7  |   6  |
-----------------------------
|   0  |   1  |   7  |   6  |
| 0  2 | 2  9 | 9  5 | 5 12 |
|   0  |  12  |   4  |  12  |
-----------------------------
|   0  |  12  |   4  |  12  |
| 0  0 | 0  0 | 0  0 | 0  0 |
|   0  |   0  |   0  |   0  |
-----------------------------


--- Population 035 ---
Score: 9
Tile set maping:
(8, 4, 18, 10): b
(14, 2, 2, 4): w
(2, 1, 13, 2): b
(9, 15, 8, 15): w
(16, 8, 14, 15): b
(14, 14, 2, 8): w
(15, 4, 9, 14): b
(11, 16, 16, 4): w
(1, 7, 14, 16): b
-----------------------------
|   0  |  15  |  11  |   1  |
| 0 14 |14  4 | 4 16 |16  7 |
|   0  |   9  |  16  |  14  |
-----------------------------
|   0  |   9  |  16  |  14  |
| 0 15 |15 15 |15  8 | 8 14 |
|   0  |   8  |  14  |   2  |
-----------------------------
|   0  |   8  |  14  |   2  |
| 0 10 |10  4 | 4  2 | 2  1 |
|   0  |  18  |   2  |  13  |
-----------------------------
|   0  |  18  |   2  |  13  |
| 0  0 | 0  0 | 0  0 | 0  0 |
|   0  |   0  |   0  |   0  |
-----------------------------


--- Population 036 ---
Score: 9
Tile set maping:
(4, 11, 12, 16): b
(14, 2, 2, 11): w
(8, 16, 12, 2): b
(3, 9, 4, 8): w
(12, 9, 14, 9): b
(14, 17, 8, 9): w
(3, 14, 3, 15): b
(8, 5, 12, 14): w
(18, 18, 14, 5): b
-----------------------------
|   0  |   3  |   8  |  18  |
| 0 15 |15 14 |14  5 | 5 18 |
|   0  |   3  |  12  |  14  |
-----------------------------
|   0  |   3  |  12  |  14  |
| 0  8 | 8  9 | 9  9 | 9 17 |
|   0  |   4  |  14  |   8  |
-----------------------------
|   0  |   4  |  14  |   8  |
| 0 16 |16 11 |11  2 | 2 16 |
|   0  |  12  |   2  |  12  |
-----------------------------
|   0  |  12  |   2  |  12  |
| 0  0 | 0  0 | 0  0 | 0  0 |
|   0  |   0  |   0  |   0  |
-----------------------------


--- Population 037 ---
Score: 9
Tile set maping:
(3, 9, 5, 5): b
(11, 9, 9, 9): w
(3, 8, 6, 9): b
(13, 13, 3, 14): w
(16, 3, 11, 13): b
(13, 10, 3, 3): w
(5, 12, 13, 12): b
(3, 11, 16, 12): w
(13, 12, 13, 11): b
-----------------------------
|   0  |   5  |   3  |  13  |
| 0 12 |12 12 |12 11 |11 12 |
|   0  |  13  |  16  |  13  |
-----------------------------
|   0  |  13  |  16  |  13  |
| 0 14 |14 13 |13  3 | 3 10 |
|   0  |   3  |  11  |   3  |
-----------------------------
|   0  |   3  |  11  |   3  |
| 0  5 | 5  9 | 9  9 | 9  8 |
|   0  |   5  |   9  |   6  |
-----------------------------
|   0  |   5  |   9  |   6  |
| 0  0 | 0  0 | 0  0 | 0  0 |
|   0  |   0  |   0  |   0  |
-----------------------------


--- Population 038 ---
Score: 9
Tile set maping:
(1, 1, 18, 14): b
(16, 5, 12, 1): w
(9, 13, 10, 5): b
(8, 4, 1, 18): w
(14, 15, 16, 4): b
(18, 18, 9, 15): w
(17, 12, 8, 4): b
(16, 18, 14, 12): w
(11, 6, 18, 18): b
-----------------------------
|   0  |  17  |  16  |  11  |
| 0  4 | 4 12 |12 18 |18  6 |
|   0  |   8  |  14  |  18  |
-----------------------------
|   0  |   8  |  14  |  18  |
| 0 18 |18  4 | 4 15 |15 18 |
|   0  |   1  |  16  |   9  |
-----------------------------
|   0  |   1  |  16  |   9  |
| 0 14 |14  1 | 1  5 | 5 13 |
|   0  |  18  |  12  |  10  |
-----------------------------
|   0  |  18  |  12  |  10  |
| 0  0 | 0  0 | 0  0 | 0  0 |
|   0  |   0  |   0  |   0  |
-----------------------------


--- Population 039 ---
Score: 9
Tile set maping:
(7, 10, 14, 12): b
(7, 13, 6, 10): w
(17, 15, 12, 13): b
(12, 13, 7, 1): w
(11, 17, 7, 13): b
(14, 2, 17, 17): w
(7, 5, 12, 3): b
(9, 8, 11, 5): w
(13, 15, 14, 8): b
-----------------------------
|   0  |   7  |   9  |  13  |
| 0  3 | 3  5 | 5  8 | 8 15 |
|   0  |  12  |  11  |  14  |
-----------------------------
|   0  |  12  |  11  |  14  |
| 0  1 | 1 13 |13 17 |17  2 |
|   0  |   7  |   7  |  17  |
-----------------------------
|   0  |   7  |   7  |  17  |
| 0 12 |12 10 |10 13 |13 15 |
|   0  |  14  |   6  |  12  |
-----------------------------
|   0  |  14  |   6  |  12  |
| 0  0 | 0  0 | 0  0 | 0  0 |
|   0  |   0  |   0  |   0  |
-----------------------------


--- Population 040 ---
Score: 9
Tile set maping:
(11, 8, 2, 4): b
(4, 18, 6, 8): w
(2, 13, 3, 18): b
(5, 6, 11, 9): w
(11, 5, 4, 6): b
(12, 16, 2, 5): w
(3, 13, 5, 6): b
(14, 12, 11, 13): w
(9, 1, 12, 12): b
-----------------------------
|   0  |   3  |  14  |   9  |
| 0  6 | 6 13 |13 12 |12  1 |
|   0  |   5  |  11  |  12  |
-----------------------------
|   0  |   5  |  11  |  12  |
| 0  9 | 9  6 | 6  5 | 5 16 |
|   0  |  11  |   4  |   2  |
-----------------------------
|   0  |  11  |   4  |   2  |
| 0  4 | 4  8 | 8 18 |18 13 |
|   0  |   2  |   6  |   3  |
-----------------------------
|   0  |   2  |   6  |   3  |
| 0  0 | 0  0 | 0  0 | 0  0 |
|   0  |   0  |   0  |   0  |
-----------------------------


--- Population 041 ---
Score: 9
Tile set maping:
(1, 9, 11, 11): b
(6, 2, 6, 9): w
(10, 7, 2, 2): b
(8, 3, 1, 12): w
(12, 7, 6, 3): b
(4, 3, 10, 7): w
(8, 1, 8, 14): b
(2, 4, 12, 1): w
(2, 16, 4, 4): b
-----------------------------
|   0  |   8  |   2  |   2  |
| 0 14 |14  1 | 1  4 | 4 16 |
|   0  |   8  |  12  |   4  |
-----------------------------
|   0  |   8  |  12  |   4  |
| 0 12 |12  3 | 3  7 | 7  3 |
|   0  |   1  |   6  |  10  |
-----------------------------
|   0  |   1  |   6  |  10  |
| 0 11 |11  9 | 9  2 | 2  7 |
|   0  |  11  |   6  |   2  |
-----------------------------
|   0  |  11  |   6  |   2  |
| 0  0 | 0  0 | 0  0 | 0  0 |
|   0  |   0  |   0  |   0  |
-----------------------------


--- Population 042 ---
Score: 9
Tile set maping:
(14, 1, 5, 8): b
(1, 12, 10, 1): w
(3, 1, 1, 12): b
(2, 2, 14, 17): w
(1, 3, 1, 2): b
(18, 13, 3, 3): w
(12, 3, 2, 15): b
(16, 6, 1, 3): w
(18, 5, 18, 6): b
-----------------------------
|   0  |  12  |  16  |  18  |
| 0 15 |15  3 | 3  6 | 6  5 |
|   0  |   2  |   1  |  18  |
-----------------------------
|   0  |   2  |   1  |  18  |
| 0 17 |17  2 | 2  3 | 3 13 |
|   0  |  14  |   1  |   3  |
-----------------------------
|   0  |  14  |   1  |   3  |
| 0  8 | 8  1 | 1 12 |12  1 |
|   0  |   5  |  10  |   1  |
-----------------------------
|   0  |   5  |  10  |   1  |
| 0  0 | 0  0 | 0  0 | 0  0 |
|   0  |   0  |   0  |   0  |
-----------------------------


--- Population 043 ---
Score: 9
Tile set maping:
(9, 7, 4, 5): b
(11, 2, 4, 7): w
(12, 8, 10, 2): b
(18, 10, 9, 10): w
(2, 7, 11, 10): b
(5, 7, 12, 7): w
(8, 6, 18, 1): b
(3, 7, 2, 6): w
(18, 10, 5, 7): b
-----------------------------
|   0  |   8  |   3  |  18  |
| 0  1 | 1  6 | 6  7 | 7 10 |
|   0  |  18  |   2  |   5  |
-----------------------------
|   0  |  18  |   2  |   5  |
| 0 10 |10 10 |10  7 | 7  7 |
|   0  |   9  |  11  |  12  |
-----------------------------
|   0  |   9  |  11  |  12  |
| 0  5 | 5  7 | 7  2 | 2  8 |
|   0  |   4  |   4  |  10  |
-----------------------------
|   0  |   4  |   4  |  10  |
| 0  0 | 0  0 | 0  0 | 0  0 |
|   0  |   0  |   0  |   0  |
-----------------------------


--- Population 044 ---
Score: 9
Tile set maping:
(12, 11, 15, 8): b
(9, 18, 17, 11): w
(5, 16, 7, 18): b
(14, 18, 12, 14): w
(8, 1, 9, 18): b
(11, 1, 5, 1): w
(7, 17, 14, 17): b
(4, 8, 8, 17): w
(9, 2, 11, 8): b
-----------------------------
|   0  |   7  |   4  |   9  |
| 0 17 |17 17 |17  8 | 8  2 |
|   0  |  14  |   8  |  11  |
-----------------------------
|   0  |  14  |   8  |  11  |
| 0 14 |14 18 |18  1 | 1  1 |
|   0  |  12  |   9  |   5  |
-----------------------------
|   0  |  12  |   9  |   5  |
| 0  8 | 8 11 |11 18 |18 16 |
|   0  |  15  |  17  |   7  |
-----------------------------
|   0  |  15  |  17  |   7  |
| 0  0 | 0  0 | 0  0 | 0  0 |
|   0  |   0  |   0  |   0  |
-----------------------------


--- Population 045 ---
Score: 9
Tile set maping:
(11, 5, 17, 5): b
(15, 10, 7, 5): w
(4, 14, 14, 10): b
(10, 3, 11, 12): w
(11, 14, 15, 3): b
(16, 6, 4, 14): w
(1, 14, 10, 13): b
(1, 11, 11, 14): w
(17, 15, 16, 11): b
-----------------------------
|   0  |   1  |   1  |  17  |
| 0 13 |13 14 |14 11 |11 15 |
|   0  |  10  |  11  |  16  |
-----------------------------
|   0  |  10  |  11  |  16  |
| 0 12 |12  3 | 3 14 |14  6 |
|   0  |  11  |  15  |   4  |
-----------------------------
|   0  |  11  |  15  |   4  |
| 0  5 | 5  5 | 5 10 |10 14 |
|   0  |  17  |   7  |  14  |
-----------------------------
|   0  |  17  |   7  |  14  |
| 0  0 | 0  0 | 0  0 | 0  0 |
|   0  |   0  |   0  |   0  |
-----------------------------


--- Population 046 ---
Score: 9
Tile set maping:
(6, 16, 9, 12): b
(18, 7, 16, 16): w
(12, 11, 18, 7): b
(2, 13, 6, 12): w
(8, 1, 18, 13): b
(7, 2, 12, 1): w
(16, 10, 2, 12): b
(15, 17, 8, 10): w
(15, 7, 7, 17): b
-----------------------------
|   0  |  16  |  15  |  15  |
| 0 12 |12 10 |10 17 |17  7 |
|   0  |   2  |   8  |   7  |
-----------------------------
|   0  |   2  |   8  |   7  |
| 0 12 |12 13 |13  1 | 1  2 |
|   0  |   6  |  18  |  12  |
-----------------------------
|   0  |   6  |  18  |  12  |
| 0 12 |12 16 |16  7 | 7 11 |
|   0  |   9  |  16  |  18  |
-----------------------------
|   0  |   9  |  16  |  18  |
| 0  0 | 0  0 | 0  0 | 0  0 |
|   0  |   0  |   0  |   0  |
-----------------------------


--- Population 047 ---
Score: 9
Tile set maping:
(13, 9, 14, 3): b
(10, 9, 12, 9): w
(10, 13, 2, 9): b
(1, 2, 13, 2): w
(10, 9, 10, 2): b
(15, 7, 10, 9): w
(2, 8, 1, 17): b
(10, 11, 10, 8): w
(5, 18, 15, 11): b
-----------------------------
|   0  |   2  |  10  |   5  |
| 0 17 |17  8 | 8 11 |11 18 |
|   0  |   1  |  10  |  15  |
-----------------------------
|   0  |   1  |  10  |  15  |
| 0  2 | 2  2 | 2  9 | 9  7 |
|   0  |  13  |  10  |  10  |
-----------------------------
|   0  |  13  |  10  |  10  |
| 0  3 | 3  9 | 9  9 | 9 13 |
|   0  |  14  |  12  |   2  |
-----------------------------
|   0  |  14  |  12  |   2  |
| 0  0 | 0  0 | 0  0 | 0  0 |
|   0  |   0  |   0  |   0  |
-----------------------------


--- Population 048 ---
Score: 9
Tile set maping:
(12, 18, 7, 5): b
(10, 5, 17, 18): w
(9, 9, 4, 5): b
(16, 16, 12, 13): w
(17, 7, 10, 16): b
(18, 7, 9, 7): w
(18, 16, 16, 11): b
(3, 17, 17, 16): w
(7, 16, 18, 17): b
-----------------------------
|   0  |  18  |   3  |   7  |
| 0 11 |11 16 |16 17 |17 16 |
|   0  |  16  |  17  |  18  |
-----------------------------
|   0  |  16  |  17  |  18  |
| 0 13 |13 16 |16  7 | 7  7 |
|   0  |  12  |  10  |   9  |
-----------------------------
|   0  |  12  |  10  |   9  |
| 0  5 | 5 18 |18  5 | 5  9 |
|   0  |   7  |  17  |   4  |
-----------------------------
|   0  |   7  |  17  |   4  |
| 0  0 | 0  0 | 0  0 | 0  0 |
|   0  |   0  |   0  |   0  |
-----------------------------


--- Population 049 ---
Score: 9
Tile set maping:
(1, 2, 3, 4): b
(6, 18, 2, 2): w
(18, 5, 17, 18): b
(13, 17, 1, 17): w
(11, 9, 6, 17): b
(11, 17, 18, 9): w
(8, 14, 13, 10): b
(2, 10, 11, 14): w
(9, 16, 11, 10): b
-----------------------------
|   0  |   8  |   2  |   9  |
| 0 10 |10 14 |14 10 |10 16 |
|   0  |  13  |  11  |  11  |
-----------------------------
|   0  |  13  |  11  |  11  |
| 0 17 |17 17 |17  9 | 9 17 |
|   0  |   1  |   6  |  18  |
-----------------------------
|   0  |   1  |   6  |  18  |
| 0  4 | 4  2 | 2 18 |18  5 |
|   0  |   3  |   2  |  17  |
-----------------------------
|   0  |   3  |   2  |  17  |
| 0  0 | 0  0 | 0  0 | 0  0 |
|   0  |   0  |   0  |   0  |
-----------------------------


--- Population 050 ---
Score: 9
Tile set maping:
(13, 6, 11, 1): b
(9, 18, 9, 6): w
(15, 3, 16, 18): b
(11, 1, 13, 5): w
(14, 9, 9, 1): b
(7, 10, 15, 9): w
(10, 7, 11, 17): b
(3, 13, 14, 7): w
(8, 11, 7, 13): b
-----------------------------
|   0  |  10  |   3  |   8  |
| 0 17 |17  7 | 7 13 |13 11 |
|   0  |  11  |  14  |   7  |
-----------------------------
|   0  |  11  |  14  |   7  |
| 0  5 | 5  1 | 1  9 | 9 10 |
|   0  |  13  |   9  |  15  |
-----------------------------
|   0  |  13  |   9  |  15  |
| 0  1 | 1  6 | 6 18 |18  3 |
|   0  |  11  |   9  |  16  |
-----------------------------
|   0  |  11  |   9  |  16  |
| 0  0 | 0  0 | 0  0 | 0  0 |
|   0  |   0  |   0  |   0  |
-----------------------------


--- Population 051 ---
Score: 9
Tile set maping:
(11, 18, 7, 13): b
(10, 8, 4, 18): w
(5, 17, 13, 8): b
(10, 4, 11, 17): w
(5, 15, 10, 4): b
(13, 3, 5, 15): w
(16, 18, 10, 5): b
(14, 18, 5, 18): w
(15, 3, 13, 18): b
-----------------------------
|   0  |  16  |  14  |  15  |
| 0  5 | 5 18 |18 18 |18  3 |
|   0  |  10  |   5  |  13  |
-----------------------------
|   0  |  10  |   5  |  13  |
| 0 17 |17  4 | 4 15 |15  3 |
|   0  |  11  |  10  |   5  |
-----------------------------
|   0  |  11  |  10  |   5  |
| 0 13 |13 18 |18  8 | 8 17 |
|   0  |   7  |   4  |  13  |
-----------------------------
|   0  |   7  |   4  |  13  |
| 0  0 | 0  0 | 0  0 | 0  0 |
|   0  |   0  |   0  |   0  |
-----------------------------


--- Population 052 ---
Score: 9
Tile set maping:
(6, 15, 7, 16): b
(17, 1, 1, 15): w
(6, 7, 7, 1): b
(10, 13, 6, 14): w
(14, 1, 17, 13): b
(18, 17, 6, 1): w
(2, 18, 10, 17): b
(2, 8, 14, 18): w
(6, 11, 18, 8): b
-----------------------------
|   0  |   2  |   2  |   6  |
| 0 17 |17 18 |18  8 | 8 11 |
|   0  |  10  |  14  |  18  |
-----------------------------
|   0  |  10  |  14  |  18  |
| 0 14 |14 13 |13  1 | 1 17 |
|   0  |   6  |  17  |   6  |
-----------------------------
|   0  |   6  |  17  |   6  |
| 0 16 |16 15 |15  1 | 1  7 |
|   0  |   7  |   1  |   7  |
-----------------------------
|   0  |   7  |   1  |   7  |
| 0  0 | 0  0 | 0  0 | 0  0 |
|   0  |   0  |   0  |   0  |
-----------------------------


--- Population 053 ---
Score: 9
Tile set maping:
(9, 5, 9, 9): b
(15, 16, 18, 5): w
(18, 10, 11, 16): b
(7, 15, 15, 5): b
(2, 3, 18, 15): w
(8, 10, 9, 3): b
(18, 12, 7, 10): w
(3, 1, 2, 12): b
-----------------------------
|   0  |   8  |  18  |   3  |
| 0  3 | 3 10 |10 12 |12  1 |
|   0  |   9  |   7  |   2  |
-----------------------------
|   0  |   9  |   7  |   2  |
| 0  9 | 9  5 | 5 15 |15  3 |
|   0  |   9  |  15  |  18  |
-----------------------------
|   0  |   9  |  15  |  18  |
| 0  9 | 9  5 | 5 16 |16 10 |
|   0  |   9  |  18  |  11  |
-----------------------------
|   0  |   9  |  18  |  11  |
| 0  0 | 0  0 | 0  0 | 0  0 |
|   0  |   0  |   0  |   0  |
-----------------------------


--- Population 054 ---
Score: 9
Tile set maping:
(15, 15, 13, 6): b
(14, 7, 2, 15): w
(8, 11, 8, 7): b
(1, 3, 15, 16): w
(11, 11, 14, 3): b
(15, 5, 8, 11): w
(11, 8, 1, 16): b
(4, 17, 11, 8): w
(1, 2, 15, 17): b
-----------------------------
|   0  |  11  |   4  |   1  |
| 0 16 |16  8 | 8 17 |17  2 |
|   0  |   1  |  11  |  15  |
-----------------------------
|   0  |   1  |  11  |  15  |
| 0 16 |16  3 | 3 11 |11  5 |
|   0  |  15  |  14  |   8  |
-----------------------------
|   0  |  15  |  14  |   8  |
| 0  6 | 6 15 |15  7 | 7 11 |
|   0  |  13  |   2  |   8  |
-----------------------------
|   0  |  13  |   2  |   8  |
| 0  0 | 0  0 | 0  0 | 0  0 |
|   0  |   0  |   0  |   0  |
-----------------------------


--- Population 055 ---
Score: 9
Tile set maping:
(11, 9, 1, 5): b
(12, 9, 8, 9): w
(10, 1, 14, 9): b
(7, 17, 11, 7): w
(2, 4, 12, 17): b
(14, 10, 10, 4): w
(17, 13, 7, 11): b
(16, 6, 2, 13): w
(2, 4, 14, 6): b
-----------------------------
|   0  |  17  |  16  |   2  |
| 0 11 |11 13 |13  6 | 6  4 |
|   0  |   7  |   2  |  14  |
-----------------------------
|   0  |   7  |   2  |  14  |
| 0  7 | 7 17 |17  4 | 4 10 |
|   0  |  11  |  12  |  10  |
-----------------------------
|   0  |  11  |  12  |  10  |
| 0  5 | 5  9 | 9  9 | 9  1 |
|   0  |   1  |   8  |  14  |
-----------------------------
|   0  |   1  |   8  |  14  |
| 0  0 | 0  0 | 0  0 | 0  0 |
|   0  |   0  |   0  |   0  |
-----------------------------


--- Population 056 ---
Score: 9
Tile set maping:
(3, 14, 1, 14): b
(8, 2, 18, 14): w
(1, 16, 5, 2): b
(9, 8, 3, 3): w
(10, 1, 8, 8): b
(9, 4, 1, 1): w
(12, 4, 9, 10): b
(15, 8, 10, 4): w
(9, 13, 9, 8): b
-----------------------------
|   0  |  12  |  15  |   9  |
| 0 10 |10  4 | 4  8 | 8 13 |
|   0  |   9  |  10  |   9  |
-----------------------------
|   0  |   9  |  10  |   9  |
| 0  3 | 3  8 | 8  1 | 1  4 |
|   0  |   3  |   8  |   1  |
-----------------------------
|   0  |   3  |   8  |   1  |
| 0 14 |14 14 |14  2 | 2 16 |
|   0  |   1  |  18  |   5  |
-----------------------------
|   0  |   1  |  18  |   5  |
| 0  0 | 0  0 | 0  0 | 0  0 |
|   0  |   0  |   0  |   0  |
-----------------------------


--- Population 057 ---
Score: 9
Tile set maping:
(9, 4, 6, 6): b
(1, 15, 2, 4): w
(7, 4, 2, 15): b
(11, 3, 9, 3): w
(1, 10, 1, 3): b
(11, 15, 7, 10): w
(1, 10, 11, 13): b
(6, 7, 1, 10): w
(13, 7, 11, 7): b
-----------------------------
|   0  |   1  |   6  |  13  |
| 0 13 |13 10 |10  7 | 7  7 |
|   0  |  11  |   1  |  11  |
-----------------------------
|   0  |  11  |   1  |  11  |
| 0  3 | 3  3 | 3 10 |10 15 |
|   0  |   9  |   1  |   7  |
-----------------------------
|   0  |   9  |   1  |   7  |
| 0  6 | 6  4 | 4 15 |15  4 |
|   0  |   6  |   2  |   2  |
-----------------------------
|   0  |   6  |   2  |   2  |
| 0  0 | 0  0 | 0  0 | 0  0 |
|   0  |   0  |   0  |   0  |
-----------------------------


--- Population 058 ---
Score: 9
Tile set maping:
(3, 6, 12, 5): b
(6, 5, 9, 6): w
(12, 1, 18, 5): b
(13, 14, 3, 6): w
(15, 18, 6, 14): b
(5, 2, 12, 18): w
(14, 1, 13, 18): b
(17, 14, 15, 1): w
(11, 1, 5, 14): b
-----------------------------
|   0  |  14  |  17  |  11  |
| 0 18 |18  1 | 1 14 |14  1 |
|   0  |  13  |  15  |   5  |
-----------------------------
|   0  |  13  |  15  |   5  |
| 0  6 | 6 14 |14 18 |18  2 |
|   0  |   3  |   6  |  12  |
-----------------------------
|   0  |   3  |   6  |  12  |
| 0  5 | 5  6 | 6  5 | 5  1 |
|   0  |  12  |   9  |  18  |
-----------------------------
|   0  |  12  |   9  |  18  |
| 0  0 | 0  0 | 0  0 | 0  0 |
|   0  |   0  |   0  |   0  |
-----------------------------


--- Population 059 ---
Score: 9
Tile set maping:
(1, 4, 16, 10): b
(5, 8, 7, 4): w
(13, 8, 4, 8): b
(7, 12, 1, 3): w
(3, 6, 5, 12): b
(9, 18, 13, 6): w
(12, 13, 3, 8): w
(10, 3, 9, 13): b
-----------------------------
|   0  |   5  |  12  |  10  |
| 0  4 | 4  8 | 8 13 |13  3 |
|   0  |   7  |   3  |   9  |
-----------------------------
|   0  |   7  |   3  |   9  |
| 0  3 | 3 12 |12  6 | 6 18 |
|   0  |   1  |   5  |  13  |
-----------------------------
|   0  |   1  |   5  |  13  |
| 0 10 |10  4 | 4  8 | 8  8 |
|   0  |  16  |   7  |   4  |
-----------------------------
|   0  |  16  |   7  |   4  |
| 0  0 | 0  0 | 0  0 | 0  0 |
|   0  |   0  |   0  |   0  |
-----------------------------


--- Population 060 ---
Score: 9
Tile set maping:
(13, 17, 11, 4): b
(12, 12, 4, 17): w
(3, 6, 6, 12): b
(12, 9, 13, 11): w
(3, 2, 12, 9): b
(8, 9, 3, 2): w
(2, 13, 12, 8): b
(2, 11, 3, 13): w
(11, 4, 8, 11): b
-----------------------------
|   0  |   2  |   2  |  11  |
| 0  8 | 8 13 |13 11 |11  4 |
|   0  |  12  |   3  |   8  |
-----------------------------
|   0  |  12  |   3  |   8  |
| 0 11 |11  9 | 9  2 | 2  9 |
|   0  |  13  |  12  |   3  |
-----------------------------
|   0  |  13  |  12  |   3  |
| 0  4 | 4 17 |17 12 |12  6 |
|   0  |  11  |   4  |   6  |
-----------------------------
|   0  |  11  |   4  |   6  |
| 0  0 | 0  0 | 0  0 | 0  0 |
|   0  |   0  |   0  |   0  |
-----------------------------


--- Population 061 ---
Score: 9
Tile set maping:
(10, 1, 3, 15): b
(8, 7, 8, 1): w
(5, 2, 6, 7): b
(7, 7, 10, 5): w
(11, 15, 8, 7): b
(8, 3, 5, 15): w
(15, 16, 7, 17): b
(13, 10, 11, 16): w
(16, 2, 8, 10): b
-----------------------------
|   0  |  15  |  13  |  16  |
| 0 17 |17 16 |16 10 |10  2 |
|   0  |   7  |  11  |   8  |
-----------------------------
|   0  |   7  |  11  |   8  |
| 0  5 | 5  7 | 7 15 |15  3 |
|   0  |  10  |   8  |   5  |
-----------------------------
|   0  |  10  |   8  |   5  |
| 0 15 |15  1 | 1  7 | 7  2 |
|   0  |   3  |   8  |   6  |
-----------------------------
|   0  |   3  |   8  |   6  |
| 0  0 | 0  0 | 0  0 | 0  0 |
|   0  |   0  |   0  |   0  |
-----------------------------


--- Population 062 ---
Score: 9
Tile set maping:
(17, 3, 13, 17): b
(8, 17, 2, 3): w
(9, 18, 6, 17): b
(11, 3, 17, 4): w
(13, 5, 8, 3): b
(18, 16, 9, 5): w
(17, 7, 11, 18): b
(9, 18, 13, 7): w
(9, 7, 18, 18): b
-----------------------------
|   0  |  17  |   9  |   9  |
| 0 18 |18  7 | 7 18 |18  7 |
|   0  |  11  |  13  |  18  |
-----------------------------
|   0  |  11  |  13  |  18  |
| 0  4 | 4  3 | 3  5 | 5 16 |
|   0  |  17  |   8  |   9  |
-----------------------------
|   0  |  17  |   8  |   9  |
| 0 17 |17  3 | 3 17 |17 18 |
|   0  |  13  |   2  |   6  |
-----------------------------
|   0  |  13  |   2  |   6  |
| 0  0 | 0  0 | 0  0 | 0  0 |
|   0  |   0  |   0  |   0  |
-----------------------------


--- Population 063 ---
Score: 9
Tile set maping:
(17, 14, 1, 15): b
(15, 17, 8, 14): w
(10, 14, 15, 17): b
(16, 12, 17, 18): w
(15, 5, 15, 12): b
(7, 11, 10, 5): w
(8, 13, 16, 10): b
(14, 9, 15, 13): w
(2, 17, 7, 9): b
-----------------------------
|   0  |   8  |  14  |   2  |
| 0 10 |10 13 |13  9 | 9 17 |
|   0  |  16  |  15  |   7  |
-----------------------------
|   0  |  16  |  15  |   7  |
| 0 18 |18 12 |12  5 | 5 11 |
|   0  |  17  |  15  |  10  |
-----------------------------
|   0  |  17  |  15  |  10  |
| 0 15 |15 14 |14 17 |17 14 |
|   0  |   1  |   8  |  15  |
-----------------------------
|   0  |   1  |   8  |  15  |
| 0  0 | 0  0 | 0  0 | 0  0 |
|   0  |   0  |   0  |   0  |
-----------------------------


--- Population 064 ---
Score: 9
Tile set maping:
(16, 18, 3, 5): b
(11, 4, 13, 18): w
(10, 9, 14, 4): b
(9, 16, 16, 18): w
(7, 13, 11, 16): b
(9, 4, 10, 13): w
(4, 14, 9, 14): b
(6, 8, 7, 14): w
(18, 12, 9, 8): b
-----------------------------
|   0  |   4  |   6  |  18  |
| 0 14 |14 14 |14  8 | 8 12 |
|   0  |   9  |   7  |   9  |
-----------------------------
|   0  |   9  |   7  |   9  |
| 0 18 |18 16 |16 13 |13  4 |
|   0  |  16  |  11  |  10  |
-----------------------------
|   0  |  16  |  11  |  10  |
| 0  5 | 5 18 |18  4 | 4  9 |
|   0  |   3  |  13  |  14  |
-----------------------------
|   0  |   3  |  13  |  14  |
| 0  0 | 0  0 | 0  0 | 0  0 |
|   0  |   0  |   0  |   0  |
-----------------------------


--- Population 065 ---
Score: 9
Tile set maping:
(12, 7, 7, 16): b
(18, 11, 7, 7): w
(4, 3, 5, 11): b
(5, 17, 12, 15): w
(3, 13, 18, 17): b
(8, 16, 4, 13): w
(13, 1, 5, 16): b
(16, 18, 3, 1): w
(1, 4, 8, 18): b
-----------------------------
|   0  |  13  |  16  |   1  |
| 0 16 |16  1 | 1 18 |18  4 |
|   0  |   5  |   3  |   8  |
-----------------------------
|   0  |   5  |   3  |   8  |
| 0 15 |15 17 |17 13 |13 16 |
|   0  |  12  |  18  |   4  |
-----------------------------
|   0  |  12  |  18  |   4  |
| 0 16 |16  7 | 7 11 |11  3 |
|   0  |   7  |   7  |   5  |
-----------------------------
|   0  |   7  |   7  |   5  |
| 0  0 | 0  0 | 0  0 | 0  0 |
|   0  |   0  |   0  |   0  |
-----------------------------


--- Population 066 ---
Score: 9
Tile set maping:
(10, 3, 2, 9): b
(15, 7, 18, 3): w
(4, 3, 4, 7): b
(12, 1, 10, 11): w
(12, 4, 15, 1): b
(15, 17, 4, 4): w
(8, 1, 12, 17): b
(17, 7, 12, 1): w
(16, 10, 15, 7): b
-----------------------------
|   0  |   8  |  17  |  16  |
| 0 17 |17  1 | 1  7 | 7 10 |
|   0  |  12  |  12  |  15  |
-----------------------------
|   0  |  12  |  12  |  15  |
| 0 11 |11  1 | 1  4 | 4 17 |
|   0  |  10  |  15  |   4  |
-----------------------------
|   0  |  10  |  15  |   4  |
| 0  9 | 9  3 | 3  7 | 7  3 |
|   0  |   2  |  18  |   4  |
-----------------------------
|   0  |   2  |  18  |   4  |
| 0  0 | 0  0 | 0  0 | 0  0 |
|   0  |   0  |   0  |   0  |
-----------------------------


--- Population 067 ---
Score: 9
Tile set maping:
(13, 17, 2, 11): b
(13, 12, 18, 17): w
(11, 11, 5, 12): b
(13, 14, 13, 5): w
(9, 6, 13, 14): b
(1, 14, 11, 6): w
(16, 8, 13, 8): b
(14, 8, 9, 8): w
(17, 18, 1, 8): b
-----------------------------
|   0  |  16  |  14  |  17  |
| 0  8 | 8  8 | 8  8 | 8 18 |
|   0  |  13  |   9  |   1  |
-----------------------------
|   0  |  13  |   9  |   1  |
| 0  5 | 5 14 |14  6 | 6 14 |
|   0  |  13  |  13  |  11  |
-----------------------------
|   0  |  13  |  13  |  11  |
| 0 11 |11 17 |17 12 |12 11 |
|   0  |   2  |  18  |   5  |
-----------------------------
|   0  |   2  |  18  |   5  |
| 0  0 | 0  0 | 0  0 | 0  0 |
|   0  |   0  |   0  |   0  |
-----------------------------


--- Population 068 ---
Score: 9
Tile set maping:
(4, 7, 1, 13): b
(16, 18, 3, 7): w
(4, 18, 7, 18): b
(11, 16, 4, 14): w
(17, 18, 16, 16): b
(11, 4, 4, 18): w
(10, 5, 11, 2): b
(3, 13, 17, 5): w
(1, 11, 11, 13): b
-----------------------------
|   0  |  10  |   3  |   1  |
| 0  2 | 2  5 | 5 13 |13 11 |
|   0  |  11  |  17  |  11  |
-----------------------------
|   0  |  11  |  17  |  11  |
| 0 14 |14 16 |16 18 |18  4 |
|   0  |   4  |  16  |   4  |
-----------------------------
|   0  |   4  |  16  |   4  |
| 0 13 |13  7 | 7 18 |18 18 |
|   0  |   1  |   3  |   7  |
-----------------------------
|   0  |   1  |   3  |   7  |
| 0  0 | 0  0 | 0  0 | 0  0 |
|   0  |   0  |   0  |   0  |
-----------------------------


--- Population 069 ---
Score: 9
Tile set maping:
(3, 9, 17, 18): b
(1, 16, 15, 9): w
(11, 9, 12, 16): b
(16, 15, 3, 15): w
(1, 15, 1, 15): b
(4, 7, 11, 15): w
(7, 2, 16, 10): b
(3, 17, 1, 2): w
(7, 10, 4, 17): b
-----------------------------
|   0  |   7  |   3  |   7  |
| 0 10 |10  2 | 2 17 |17 10 |
|   0  |  16  |   1  |   4  |
-----------------------------
|   0  |  16  |   1  |   4  |
| 0 15 |15 15 |15 15 |15  7 |
|   0  |   3  |   1  |  11  |
-----------------------------
|   0  |   3  |   1  |  11  |
| 0 18 |18  9 | 9 16 |16  9 |
|   0  |  17  |  15  |  12  |
-----------------------------
|   0  |  17  |  15  |  12  |
| 0  0 | 0  0 | 0  0 | 0  0 |
|   0  |   0  |   0  |   0  |
-----------------------------


--- Population 070 ---
Score: 9
Tile set maping:
(1, 7, 7, 12): b
(12, 4, 11, 7): w
(9, 10, 3, 4): b
(17, 4, 1, 10): w
(10, 18, 12, 4): b
(4, 17, 9, 18): w
(12, 15, 17, 10): b
(11, 18, 10, 15): w
(12, 2, 4, 18): b
-----------------------------
|   0  |  12  |  11  |  12  |
| 0 10 |10 15 |15 18 |18  2 |
|   0  |  17  |  10  |   4  |
-----------------------------
|   0  |  17  |  10  |   4  |
| 0 10 |10  4 | 4 18 |18 17 |
|   0  |   1  |  12  |   9  |
-----------------------------
|   0  |   1  |  12  |   9  |
| 0 12 |12  7 | 7  4 | 4 10 |
|   0  |   7  |  11  |   3  |
-----------------------------
|   0  |   7  |  11  |   3  |
| 0  0 | 0  0 | 0  0 | 0  0 |
|   0  |   0  |   0  |   0  |
-----------------------------


--- Population 071 ---
Score: 9
Tile set maping:
(2, 11, 10, 1): b
(5, 15, 7, 11): w
(1, 17, 4, 15): b
(14, 4, 2, 4): w
(7, 12, 5, 4): b
(9, 11, 1, 12): w
(16, 9, 14, 1): b
(6, 12, 7, 9): w
(8, 13, 9, 12): b
-----------------------------
|   0  |  16  |   6  |   8  |
| 0  1 | 1  9 | 9 12 |12 13 |
|   0  |  14  |   7  |   9  |
-----------------------------
|   0  |  14  |   7  |   9  |
| 0  4 | 4  4 | 4 12 |12 11 |
|   0  |   2  |   5  |   1  |
-----------------------------
|   0  |   2  |   5  |   1  |
| 0  1 | 1 11 |11 15 |15 17 |
|   0  |  10  |   7  |   4  |
-----------------------------
|   0  |  10  |   7  |   4  |
| 0  0 | 0  0 | 0  0 | 0  0 |
|   0  |   0  |   0  |   0  |
-----------------------------


--- Population 072 ---
Score: 9
Tile set maping:
(12, 6, 11, 3): b
(9, 6, 5, 6): w
(6, 1, 12, 6): b
(12, 8, 12, 5): w
(4, 8, 9, 8): b
(2, 13, 6, 8): w
(5, 12, 12, 17): b
(2, 15, 4, 12): w
(3, 5, 2, 15): b
-----------------------------
|   0  |   5  |   2  |   3  |
| 0 17 |17 12 |12 15 |15  5 |
|   0  |  12  |   4  |   2  |
-----------------------------
|   0  |  12  |   4  |   2  |
| 0  5 | 5  8 | 8  8 | 8 13 |
|   0  |  12  |   9  |   6  |
-----------------------------
|   0  |  12  |   9  |   6  |
| 0  3 | 3  6 | 6  6 | 6  1 |
|   0  |  11  |   5  |  12  |
-----------------------------
|   0  |  11  |   5  |  12  |
| 0  0 | 0  0 | 0  0 | 0  0 |
|   0  |   0  |   0  |   0  |
-----------------------------


--- Population 073 ---
Score: 9
Tile set maping:
(5, 6, 13, 12): b
(10, 8, 10, 6): w
(18, 9, 14, 8): b
(4, 5, 5, 5): w
(18, 12, 10, 5): b
(6, 8, 18, 12): w
(7, 4, 4, 13): b
(15, 1, 18, 4): w
(14, 6, 6, 1): b
-----------------------------
|   0  |   7  |  15  |  14  |
| 0 13 |13  4 | 4  1 | 1  6 |
|   0  |   4  |  18  |   6  |
-----------------------------
|   0  |   4  |  18  |   6  |
| 0  5 | 5  5 | 5 12 |12  8 |
|   0  |   5  |  10  |  18  |
-----------------------------
|   0  |   5  |  10  |  18  |
| 0 12 |12  6 | 6  8 | 8  9 |
|   0  |  13  |  10  |  14  |
-----------------------------
|   0  |  13  |  10  |  14  |
| 0  0 | 0  0 | 0  0 | 0  0 |
|   0  |   0  |   0  |   0  |
-----------------------------


--- Population 074 ---
Score: 9
Tile set maping:
(5, 3, 2, 9): b
(5, 12, 5, 3): w
(16, 16, 14, 12): b
(15, 14, 5, 15): w
(5, 1, 5, 14): b
(4, 11, 16, 1): w
(1, 4, 15, 12): b
(15, 1, 5, 4): w
(11, 18, 4, 1): b
-----------------------------
|   0  |   1  |  15  |  11  |
| 0 12 |12  4 | 4  1 | 1 18 |
|   0  |  15  |   5  |   4  |
-----------------------------
|   0  |  15  |   5  |   4  |
| 0 15 |15 14 |14  1 | 1 11 |
|   0  |   5  |   5  |  16  |
-----------------------------
|   0  |   5  |   5  |  16  |
| 0  9 | 9  3 | 3 12 |12 16 |
|   0  |   2  |   5  |  14  |
-----------------------------
|   0  |   2  |   5  |  14  |
| 0  0 | 0  0 | 0  0 | 0  0 |
|   0  |   0  |   0  |   0  |
-----------------------------


--- Population 075 ---
Score: 9
Tile set maping:
(5, 8, 2, 8): b
(2, 7, 7, 8): w
(14, 3, 7, 7): b
(17, 9, 5, 1): w
(10, 9, 2, 9): b
(1, 3, 14, 9): w
(6, 6, 17, 7): b
(5, 12, 10, 6): w
(6, 14, 1, 12): b
-----------------------------
|   0  |   6  |   5  |   6  |
| 0  7 | 7  6 | 6 12 |12 14 |
|   0  |  17  |  10  |   1  |
-----------------------------
|   0  |  17  |  10  |   1  |
| 0  1 | 1  9 | 9  9 | 9  3 |
|   0  |   5  |   2  |  14  |
-----------------------------
|   0  |   5  |   2  |  14  |
| 0  8 | 8  8 | 8  7 | 7  3 |
|   0  |   2  |   7  |   7  |
-----------------------------
|   0  |   2  |   7  |   7  |
| 0  0 | 0  0 | 0  0 | 0  0 |
|   0  |   0  |   0  |   0  |
-----------------------------


--- Population 076 ---
Score: 9
Tile set maping:
(15, 8, 16, 8): b
(17, 18, 5, 8): w
(5, 4, 11, 18): b
(17, 3, 15, 10): w
(15, 9, 17, 3): b
(5, 17, 5, 9): w
(9, 12, 17, 16): b
(7, 9, 15, 12): w
-----------------------------
|   0  |   9  |   7  |   5  |
| 0 16 |16 12 |12  9 | 9 17 |
|   0  |  17  |  15  |   5  |
-----------------------------
|   0  |  17  |  15  |   5  |
| 0 10 |10  3 | 3  9 | 9 17 |
|   0  |  15  |  17  |   5  |
-----------------------------
|   0  |  15  |  17  |   5  |
| 0  8 | 8  8 | 8 18 |18  4 |
|   0  |  16  |   5  |  11  |
-----------------------------
|   0  |  16  |   5  |  11  |
| 0  0 | 0  0 | 0  0 | 0  0 |
|   0  |   0  |   0  |   0  |
-----------------------------


--- Population 077 ---
Score: 9
Tile set maping:
(2, 17, 12, 17): b
(1, 9, 2, 17): w
(3, 5, 4, 9): b
(8, 13, 2, 13): w
(8, 1, 1, 13): b
(1, 8, 3, 1): w
(2, 18, 8, 12): b
(4, 9, 8, 18): w
(18, 13, 1, 9): b
-----------------------------
|   0  |   2  |   4  |  18  |
| 0 12 |12 18 |18  9 | 9 13 |
|   0  |   8  |   8  |   1  |
-----------------------------
|   0  |   8  |   8  |   1  |
| 0 13 |13 13 |13  1 | 1  8 |
|   0  |   2  |   1  |   3  |
-----------------------------
|   0  |   2  |   1  |   3  |
| 0 17 |17 17 |17  9 | 9  5 |
|   0  |  12  |   2  |   4  |
-----------------------------
|   0  |  12  |   2  |   4  |
| 0  0 | 0  0 | 0  0 | 0  0 |
|   0  |   0  |   0  |   0  |
-----------------------------


--- Population 078 ---
Score: 9
Tile set maping:
(5, 8, 12, 18): b
(5, 1, 14, 8): w
(15, 11, 13, 1): b
(8, 8, 5, 17): w
(8, 1, 5, 8): b
(18, 10, 15, 1): w
(8, 18, 8, 10): b
(17, 17, 8, 18): w
(1, 3, 18, 17): b
-----------------------------
|   0  |   8  |  17  |   1  |
| 0 10 |10 18 |18 17 |17  3 |
|   0  |   8  |   8  |  18  |
-----------------------------
|   0  |   8  |   8  |  18  |
| 0 17 |17  8 | 8  1 | 1 10 |
|   0  |   5  |   5  |  15  |
-----------------------------
|   0  |   5  |   5  |  15  |
| 0 18 |18  8 | 8  1 | 1 11 |
|   0  |  12  |  14  |  13  |
-----------------------------
|   0  |  12  |  14  |  13  |
| 0  0 | 0  0 | 0  0 | 0  0 |
|   0  |   0  |   0  |   0  |
-----------------------------


--- Population 079 ---
Score: 9
Tile set maping:
(2, 8, 6, 6): b
(6, 7, 3, 8): w
(2, 9, 14, 7): b
(1, 2, 2, 2): w
(10, 15, 6, 2): b
(3, 7, 2, 15): w
(10, 10, 1, 17): b
(5, 18, 10, 10): w
(3, 12, 3, 18): b
-----------------------------
|   0  |  10  |   5  |   3  |
| 0 17 |17 10 |10 18 |18 12 |
|   0  |   1  |  10  |   3  |
-----------------------------
|   0  |   1  |  10  |   3  |
| 0  2 | 2  2 | 2 15 |15  7 |
|   0  |   2  |   6  |   2  |
-----------------------------
|   0  |   2  |   6  |   2  |
| 0  6 | 6  8 | 8  7 | 7  9 |
|   0  |   6  |   3  |  14  |
-----------------------------
|   0  |   6  |   3  |  14  |
| 0  0 | 0  0 | 0  0 | 0  0 |
|   0  |   0  |   0  |   0  |
-----------------------------


--- Population 080 ---
Score: 9
Tile set maping:
(2, 4, 8, 11): b
(16, 1, 5, 4): w
(6, 14, 3, 1): b
(14, 1, 2, 11): w
(13, 11, 16, 1): b
(18, 3, 6, 11): w
(1, 12, 14, 15): b
(10, 18, 13, 12): w
(5, 17, 18, 18): b
-----------------------------
|   0  |   1  |  10  |   5  |
| 0 15 |15 12 |12 18 |18 17 |
|   0  |  14  |  13  |  18  |
-----------------------------
|   0  |  14  |  13  |  18  |
| 0 11 |11  1 | 1 11 |11  3 |
|   0  |   2  |  16  |   6  |
-----------------------------
|   0  |   2  |  16  |   6  |
| 0 11 |11  4 | 4  1 | 1 14 |
|   0  |   8  |   5  |   3  |
-----------------------------
|   0  |   8  |   5  |   3  |
| 0  0 | 0  0 | 0  0 | 0  0 |
|   0  |   0  |   0  |   0  |
-----------------------------


--- Population 081 ---
Score: 9
Tile set maping:
(16, 4, 5, 8): b
(18, 3, 14, 4): w
(6, 2, 8, 3): b
(12, 2, 16, 6): w
(14, 17, 18, 2): b
(12, 10, 6, 17): w
(3, 3, 12, 1): b
(6, 18, 14, 3): w
(15, 8, 12, 18): b
-----------------------------
|   0  |   3  |   6  |  15  |
| 0  1 | 1  3 | 3 18 |18  8 |
|   0  |  12  |  14  |  12  |
-----------------------------
|   0  |  12  |  14  |  12  |
| 0  6 | 6  2 | 2 17 |17 10 |
|   0  |  16  |  18  |   6  |
-----------------------------
|   0  |  16  |  18  |   6  |
| 0  8 | 8  4 | 4  3 | 3  2 |
|   0  |   5  |  14  |   8  |
-----------------------------
|   0  |   5  |  14  |   8  |
| 0  0 | 0  0 | 0  0 | 0  0 |
|   0  |   0  |   0  |   0  |
-----------------------------


--- Population 082 ---
Score: 9
Tile set maping:
(12, 5, 15, 9): b
(3, 7, 18, 5): w
(4, 7, 10, 7): b
(17, 3, 12, 11): w
(14, 15, 3, 3): b
(9, 10, 4, 15): w
(2, 1, 17, 8): b
(11, 7, 14, 1): w
(15, 15, 9, 7): b
-----------------------------
|   0  |   2  |  11  |  15  |
| 0  8 | 8  1 | 1  7 | 7 15 |
|   0  |  17  |  14  |   9  |
-----------------------------
|   0  |  17  |  14  |   9  |
| 0 11 |11  3 | 3 15 |15 10 |
|   0  |  12  |   3  |   4  |
-----------------------------
|   0  |  12  |   3  |   4  |
| 0  9 | 9  5 | 5  7 | 7  7 |
|   0  |  15  |  18  |  10  |
-----------------------------
|   0  |  15  |  18  |  10  |
| 0  0 | 0  0 | 0  0 | 0  0 |
|   0  |   0  |   0  |   0  |
-----------------------------


--- Population 083 ---
Score: 9
Tile set maping:
(4, 15, 13, 5): b
(12, 8, 13, 15): w
(7, 18, 18, 8): b
(14, 7, 4, 15): w
(2, 12, 12, 7): b
(11, 6, 7, 12): w
(9, 13, 14, 9): b
(16, 17, 2, 13): w
(7, 7, 11, 17): b
-----------------------------
|   0  |   9  |  16  |   7  |
| 0  9 | 9 13 |13 17 |17  7 |
|   0  |  14  |   2  |  11  |
-----------------------------
|   0  |  14  |   2  |  11  |
| 0 15 |15  7 | 7 12 |12  6 |
|   0  |   4  |  12  |   7  |
-----------------------------
|   0  |   4  |  12  |   7  |
| 0  5 | 5 15 |15  8 | 8 18 |
|   0  |  13  |  13  |  18  |
-----------------------------
|   0  |  13  |  13  |  18  |
| 0  0 | 0  0 | 0  0 | 0  0 |
|   0  |   0  |   0  |   0  |
-----------------------------


--- Population 084 ---
Score: 9
Tile set maping:
(15, 14, 5, 4): b
(1, 2, 16, 14): w
(4, 3, 8, 2): b
(4, 16, 15, 8): w
(13, 17, 1, 16): b
(11, 16, 4, 17): w
(4, 12, 4, 1): b
(12, 9, 13, 12): w
(12, 12, 11, 9): b
-----------------------------
|   0  |   4  |  12  |  12  |
| 0  1 | 1 12 |12  9 | 9 12 |
|   0  |   4  |  13  |  11  |
-----------------------------
|   0  |   4  |  13  |  11  |
| 0  8 | 8 16 |16 17 |17 16 |
|   0  |  15  |   1  |   4  |
-----------------------------
|   0  |  15  |   1  |   4  |
| 0  4 | 4 14 |14  2 | 2  3 |
|   0  |   5  |  16  |   8  |
-----------------------------
|   0  |   5  |  16  |   8  |
| 0  0 | 0  0 | 0  0 | 0  0 |
|   0  |   0  |   0  |   0  |
-----------------------------


--- Population 085 ---
Score: 9
Tile set maping:
(4, 4, 14, 16): b
(4, 16, 15, 4): w
(14, 12, 15, 16): b
(14, 11, 4, 18): w
(4, 13, 4, 11): b
(18, 10, 14, 13): w
(17, 15, 14, 9): b
(10, 5, 4, 15): w
(3, 5, 18, 5): b
-----------------------------
|   0  |  17  |  10  |   3  |
| 0  9 | 9 15 |15  5 | 5  5 |
|   0  |  14  |   4  |  18  |
-----------------------------
|   0  |  14  |   4  |  18  |
| 0 18 |18 11 |11 13 |13 10 |
|   0  |   4  |   4  |  14  |
-----------------------------
|   0  |   4  |   4  |  14  |
| 0 16 |16  4 | 4 16 |16 12 |
|   0  |  14  |  15  |  15  |
-----------------------------
|   0  |  14  |  15  |  15  |
| 0  0 | 0  0 | 0  0 | 0  0 |
|   0  |   0  |   0  |   0  |
-----------------------------


--- Population 086 ---
Score: 9
Tile set maping:
(11, 17, 13, 1): b
(12, 7, 14, 17): w
(10, 10, 10, 7): b
(3, 1, 11, 11): w
(6, 9, 12, 1): b
(15, 4, 10, 9): w
(4, 5, 3, 16): b
(13, 14, 6, 5): w
(10, 16, 15, 14): b
-----------------------------
|   0  |   4  |  13  |  10  |
| 0 16 |16  5 | 5 14 |14 16 |
|   0  |   3  |   6  |  15  |
-----------------------------
|   0  |   3  |   6  |  15  |
| 0 11 |11  1 | 1  9 | 9  4 |
|   0  |  11  |  12  |  10  |
-----------------------------
|   0  |  11  |  12  |  10  |
| 0  1 | 1 17 |17  7 | 7 10 |
|   0  |  13  |  14  |  10  |
-----------------------------
|   0  |  13  |  14  |  10  |
| 0  0 | 0  0 | 0  0 | 0  0 |
|   0  |   0  |   0  |   0  |
-----------------------------


--- Population 087 ---
Score: 9
Tile set maping:
(10, 9, 12, 14): b
(11, 11, 3, 9): w
(10, 6, 17, 11): b
(16, 4, 10, 13): w
(15, 17, 11, 4): b
(17, 4, 10, 17): w
(13, 5, 16, 13): b
(4, 3, 15, 5): w
(11, 14, 17, 3): b
-----------------------------
|   0  |  13  |   4  |  11  |
| 0 13 |13  5 | 5  3 | 3 14 |
|   0  |  16  |  15  |  17  |
-----------------------------
|   0  |  16  |  15  |  17  |
| 0 13 |13  4 | 4 17 |17  4 |
|   0  |  10  |  11  |  10  |
-----------------------------
|   0  |  10  |  11  |  10  |
| 0 14 |14  9 | 9 11 |11  6 |
|   0  |  12  |   3  |  17  |
-----------------------------
|   0  |  12  |   3  |  17  |
| 0  0 | 0  0 | 0  0 | 0  0 |
|   0  |   0  |   0  |   0  |
-----------------------------


--- Population 088 ---
Score: 9
Tile set maping:
(15, 8, 4, 3): b
(16, 12, 18, 8): w
(10, 2, 1, 12): b
(10, 12, 15, 3): w
(9, 13, 16, 12): b
(16, 7, 10, 13): w
(1, 7, 10, 17): b
(16, 9, 9, 7): w
(13, 3, 16, 9): b
-----------------------------
|   0  |   1  |  16  |  13  |
| 0 17 |17  7 | 7  9 | 9  3 |
|   0  |  10  |   9  |  16  |
-----------------------------
|   0  |  10  |   9  |  16  |
| 0  3 | 3 12 |12 13 |13  7 |
|   0  |  15  |  16  |  10  |
-----------------------------
|   0  |  15  |  16  |  10  |
| 0  3 | 3  8 | 8 12 |12  2 |
|   0  |   4  |  18  |   1  |
-----------------------------
|   0  |   4  |  18  |   1  |
| 0  0 | 0  0 | 0  0 | 0  0 |
|   0  |   0  |   0  |   0  |
-----------------------------


--- Population 089 ---
Score: 9
Tile set maping:
(2, 1, 14, 10): b
(1, 18, 10, 1): w
(17, 3, 10, 18): b
(11, 12, 2, 2): w
(17, 4, 1, 12): b
(2, 11, 17, 4): w
(10, 7, 11, 15): b
(1, 4, 17, 7): w
(18, 8, 2, 4): b
-----------------------------
|   0  |  10  |   1  |  18  |
| 0 15 |15  7 | 7  4 | 4  8 |
|   0  |  11  |  17  |   2  |
-----------------------------
|   0  |  11  |  17  |   2  |
| 0  2 | 2 12 |12  4 | 4 11 |
|   0  |   2  |   1  |  17  |
-----------------------------
|   0  |   2  |   1  |  17  |
| 0 10 |10  1 | 1 18 |18  3 |
|   0  |  14  |  10  |  10  |
-----------------------------
|   0  |  14  |  10  |  10  |
| 0  0 | 0  0 | 0  0 | 0  0 |
|   0  |   0  |   0  |   0  |
-----------------------------


--- Population 090 ---
Score: 9
Tile set maping:
(11, 17, 4, 8): b
(14, 8, 3, 17): w
(15, 6, 18, 8): b
(10, 11, 11, 7): w
(7, 13, 14, 11): b
(6, 16, 15, 13): w
(1, 13, 10, 12): b
(12, 3, 7, 13): w
(5, 3, 6, 3): b
-----------------------------
|   0  |   1  |  12  |   5  |
| 0 12 |12 13 |13  3 | 3  3 |
|   0  |  10  |   7  |   6  |
-----------------------------
|   0  |  10  |   7  |   6  |
| 0  7 | 7 11 |11 13 |13 16 |
|   0  |  11  |  14  |  15  |
-----------------------------
|   0  |  11  |  14  |  15  |
| 0  8 | 8 17 |17  8 | 8  6 |
|   0  |   4  |   3  |  18  |
-----------------------------
|   0  |   4  |   3  |  18  |
| 0  0 | 0  0 | 0  0 | 0  0 |
|   0  |   0  |   0  |   0  |
-----------------------------


--- Population 091 ---
Score: 9
Tile set maping:
(16, 3, 6, 17): b
(14, 10, 6, 3): w
(6, 6, 1, 10): b
(6, 2, 16, 14): w
(15, 12, 14, 2): b
(18, 16, 6, 12): w
(17, 16, 6, 16): b
(13, 9, 15, 16): w
(16, 15, 18, 9): b
-----------------------------
|   0  |  17  |  13  |  16  |
| 0 16 |16 16 |16  9 | 9 15 |
|   0  |   6  |  15  |  18  |
-----------------------------
|   0  |   6  |  15  |  18  |
| 0 14 |14  2 | 2 12 |12 16 |
|   0  |  16  |  14  |   6  |
-----------------------------
|   0  |  16  |  14  |   6  |
| 0 17 |17  3 | 3 10 |10  6 |
|   0  |   6  |   6  |   1  |
-----------------------------
|   0  |   6  |   6  |   1  |
| 0  0 | 0  0 | 0  0 | 0  0 |
|   0  |   0  |   0  |   0  |
-----------------------------


--- Population 092 ---
Score: 9
Tile set maping:
(16, 11, 16, 9): b
(2, 6, 10, 11): w
(3, 8, 14, 6): b
(3, 5, 2, 11): b
(1, 2, 3, 5): w
(7, 18, 16, 12): b
(1, 5, 3, 18): w
(11, 11, 1, 5): b
-----------------------------
|   0  |   7  |   1  |  11  |
| 0 12 |12 18 |18  5 | 5 11 |
|   0  |  16  |   3  |   1  |
-----------------------------
|   0  |  16  |   3  |   1  |
| 0  9 | 9 11 |11  5 | 5  2 |
|   0  |  16  |   2  |   3  |
-----------------------------
|   0  |  16  |   2  |   3  |
| 0  9 | 9 11 |11  6 | 6  8 |
|   0  |  16  |  10  |  14  |
-----------------------------
|   0  |  16  |  10  |  14  |
| 0  0 | 0  0 | 0  0 | 0  0 |
|   0  |   0  |   0  |   0  |
-----------------------------


--- Population 093 ---
Score: 9
Tile set maping:
(4, 16, 5, 5): b
(9, 14, 2, 16): w
(9, 15, 8, 14): b
(4, 3, 4, 2): w
(5, 6, 9, 3): b
(14, 8, 9, 6): w
(5, 3, 4, 14): b
(7, 8, 5, 3): w
(7, 11, 14, 8): b
-----------------------------
|   0  |   5  |   7  |   7  |
| 0 14 |14  3 | 3  8 | 8 11 |
|   0  |   4  |   5  |  14  |
-----------------------------
|   0  |   4  |   5  |  14  |
| 0  2 | 2  3 | 3  6 | 6  8 |
|   0  |   4  |   9  |   9  |
-----------------------------
|   0  |   4  |   9  |   9  |
| 0  5 | 5 16 |16 14 |14 15 |
|   0  |   5  |   2  |   8  |
-----------------------------
|   0  |   5  |   2  |   8  |
| 0  0 | 0  0 | 0  0 | 0  0 |
|   0  |   0  |   0  |   0  |
-----------------------------


--- Population 094 ---
Score: 9
Tile set maping:
(8, 2, 10, 13): b
(10, 5, 16, 2): w
(16, 3, 12, 5): b
(9, 2, 8, 10): w
(6, 8, 10, 2): b
(9, 6, 16, 8): w
(2, 9, 9, 17): b
(6, 9, 6, 9): w
(18, 6, 9, 9): b
-----------------------------
|   0  |   2  |   6  |  18  |
| 0 17 |17  9 | 9  9 | 9  6 |
|   0  |   9  |   6  |   9  |
-----------------------------
|   0  |   9  |   6  |   9  |
| 0 10 |10  2 | 2  8 | 8  6 |
|   0  |   8  |  10  |  16  |
-----------------------------
|   0  |   8  |  10  |  16  |
| 0 13 |13  2 | 2  5 | 5  3 |
|   0  |  10  |  16  |  12  |
-----------------------------
|   0  |  10  |  16  |  12  |
| 0  0 | 0  0 | 0  0 | 0  0 |
|   0  |   0  |   0  |   0  |
-----------------------------


--- Population 095 ---
Score: 9
Tile set maping:
(5, 2, 18, 15): b
(18, 2, 8, 2): w
(1, 3, 3, 2): b
(2, 2, 5, 10): w
(12, 11, 18, 2): b
(15, 9, 1, 11): w
(6, 12, 2, 2): b
(9, 1, 12, 12): w
(5, 4, 15, 1): b
-----------------------------
|   0  |   6  |   9  |   5  |
| 0  2 | 2 12 |12  1 | 1  4 |
|   0  |   2  |  12  |  15  |
-----------------------------
|   0  |   2  |  12  |  15  |
| 0 10 |10  2 | 2 11 |11  9 |
|   0  |   5  |  18  |   1  |
-----------------------------
|   0  |   5  |  18  |   1  |
| 0 15 |15  2 | 2  2 | 2  3 |
|   0  |  18  |   8  |   3  |
-----------------------------
|   0  |  18  |   8  |   3  |
| 0  0 | 0  0 | 0  0 | 0  0 |
|   0  |   0  |   0  |   0  |
-----------------------------


--- Population 096 ---
Score: 9
Tile set maping:
(3, 1, 5, 7): b
(1, 4, 6, 1): w
(9, 10, 2, 4): b
(2, 15, 3, 18): w
(12, 6, 1, 15): b
(3, 12, 9, 6): w
(4, 5, 2, 13): b
(13, 11, 12, 5): w
(5, 18, 3, 11): b
-----------------------------
|   0  |   4  |  13  |   5  |
| 0 13 |13  5 | 5 11 |11 18 |
|   0  |   2  |  12  |   3  |
-----------------------------
|   0  |   2  |  12  |   3  |
| 0 18 |18 15 |15  6 | 6 12 |
|   0  |   3  |   1  |   9  |
-----------------------------
|   0  |   3  |   1  |   9  |
| 0  7 | 7  1 | 1  4 | 4 10 |
|   0  |   5  |   6  |   2  |
-----------------------------
|   0  |   5  |   6  |   2  |
| 0  0 | 0  0 | 0  0 | 0  0 |
|   0  |   0  |   0  |   0  |
-----------------------------


--- Population 097 ---
Score: 9
Tile set maping:
(3, 16, 3, 13): b
(14, 10, 16, 16): w
(11, 1, 11, 10): b
(10, 5, 3, 16): w
(15, 10, 14, 5): b
(2, 17, 10, 8): b
(2, 3, 15, 17): w
(8, 10, 11, 3): b
-----------------------------
|   0  |   2  |   2  |   8  |
| 0  8 | 8 17 |17  3 | 3 10 |
|   0  |  10  |  15  |  11  |
-----------------------------
|   0  |  10  |  15  |  11  |
| 0 16 |16  5 | 5 10 |10  1 |
|   0  |   3  |  14  |  11  |
-----------------------------
|   0  |   3  |  14  |  11  |
| 0 13 |13 16 |16 10 |10  1 |
|   0  |   3  |  16  |  11  |
-----------------------------
|   0  |   3  |  16  |  11  |
| 0  0 | 0  0 | 0  0 | 0  0 |
|   0  |   0  |   0  |   0  |
-----------------------------


--- Population 098 ---
Score: 9
Tile set maping:
(5, 14, 5, 18): b
(18, 2, 13, 14): w
(3, 9, 13, 2): b
(17, 6, 5, 14): w
(11, 5, 18, 6): b
(7, 13, 3, 5): w
(12, 4, 17, 4): b
(6, 7, 11, 4): w
(4, 12, 7, 7): b
-----------------------------
|   0  |  12  |   6  |   4  |
| 0  4 | 4  4 | 4  7 | 7 12 |
|   0  |  17  |  11  |   7  |
-----------------------------
|   0  |  17  |  11  |   7  |
| 0 14 |14  6 | 6  5 | 5 13 |
|   0  |   5  |  18  |   3  |
-----------------------------
|   0  |   5  |  18  |   3  |
| 0 18 |18 14 |14  2 | 2  9 |
|   0  |   5  |  13  |  13  |
-----------------------------
|   0  |   5  |  13  |  13  |
| 0  0 | 0  0 | 0  0 | 0  0 |
|   0  |   0  |   0  |   0  |
-----------------------------


--- Population 099 ---
Score: 9
Tile set maping:
(11, 8, 8, 14): b
(18, 6, 6, 8): w
(18, 17, 16, 6): b
(3, 8, 11, 5): w
(3, 12, 18, 8): b
(10, 11, 18, 12): w
(8, 6, 3, 5): b
(15, 6, 3, 6): w
(2, 18, 10, 6): b
-----------------------------
|   0  |   8  |  15  |   2  |
| 0  5 | 5  6 | 6  6 | 6 18 |
|   0  |   3  |   3  |  10  |
-----------------------------
|   0  |   3  |   3  |  10  |
| 0  5 | 5  8 | 8 12 |12 11 |
|   0  |  11  |  18  |  18  |
-----------------------------
|   0  |  11  |  18  |  18  |
| 0 14 |14  8 | 8  6 | 6 17 |
|   0  |   8  |   6  |  16  |
-----------------------------
|   0  |   8  |   6  |  16  |
| 0  0 | 0  0 | 0  0 | 0  0 |
|   0  |   0  |   0  |   0  |
-----------------------------

